{
"lowlevel": {
    "average_loudness": 0.0017827891279,
    "barkbands_crest": {
        "dmean": 2.63187122345,
        "dmean2": 4.21037340164,
        "dvar": 5.69984102249,
        "dvar2": 14.3385868073,
        "max": 26.5629348755,
        "mean": 12.4446229935,
        "median": 11.2388706207,
        "min": 3.01616621017,
        "var": 30.7503833771
    },
    "barkbands_flatness_db": {
        "dmean": 0.0208213701844,
        "dmean2": 0.0319554321468,
        "dvar": 0.000372599170078,
        "dvar2": 0.000892058305908,
        "max": 0.464294403791,
        "mean": 0.204423710704,
        "median": 0.184701770544,
        "min": 0.0200317017734,
        "var": 0.00456145731732
    },
    "barkbands_kurtosis": {
        "dmean": 3.28036165237,
        "dmean2": 5.17108106613,
        "dvar": 35.5215873718,
        "dvar2": 88.584815979,
        "max": 167.996826172,
        "mean": 5.06433105469,
        "median": 1.82809758186,
        "min": -1.8805013895,
        "var": 88.6692504883
    },
    "barkbands_skewness": {
        "dmean": 0.549614012241,
        "dmean2": 0.840508043766,
        "dvar": 0.331749111414,
        "dvar2": 0.787192225456,
        "max": 10.6211042404,
        "mean": 1.45070457458,
        "median": 1.23803639412,
        "min": -4.07016801834,
        "var": 1.60641241074
    },
    "barkbands_spread": {
        "dmean": 3.31694531441,
        "dmean2": 5.1593914032,
        "dvar": 10.6075334549,
        "dvar2": 25.014339447,
        "max": 90.0639801025,
        "mean": 14.0568056107,
        "median": 12.7110652924,
        "min": 0.376231998205,
        "var": 81.2802963257
    },
    "dissonance": {
        "dmean": 0.0310173016042,
        "dmean2": 0.0523574650288,
        "dvar": 0.000988073064946,
        "dvar2": 0.00281019206159,
        "max": 0.499999940395,
        "mean": 0.422026604414,
        "median": 0.433397173882,
        "min": 0.140722334385,
        "var": 0.00274609122425
    },
    "dynamic_complexity": 7.09830284119,
    "erbbands_crest": {
        "dmean": 3.20802664757,
        "dmean2": 5.1311211586,
        "dvar": 8.53607845306,
        "dvar2": 20.9217300415,
        "max": 34.157459259,
        "mean": 14.5279836655,
        "median": 12.523015976,
        "min": 2.54724049568,
        "var": 50.5974388123
    },
    "erbbands_flatness_db": {
        "dmean": 0.0173138137907,
        "dmean2": 0.0262283757329,
        "dvar": 0.000250971730566,
        "dvar2": 0.000576766731683,
        "max": 0.505274534225,
        "mean": 0.260020643473,
        "median": 0.243964254856,
        "min": 0.0644325837493,
        "var": 0.00430789310485
    },
    "erbbands_kurtosis": {
        "dmean": 1.94101011753,
        "dmean2": 3.072879076,
        "dvar": 18.3848400116,
        "dvar2": 44.0006332397,
        "max": 156.504928589,
        "mean": 2.00211143494,
        "median": -0.286676466465,
        "min": -1.81182086468,
        "var": 52.7147254944
    },
    "erbbands_skewness": {
        "dmean": 0.504279255867,
        "dmean2": 0.773556888103,
        "dvar": 0.243099763989,
        "dvar2": 0.57793867588,
        "max": 9.77386569977,
        "mean": 0.855115234852,
        "median": 0.609077095985,
        "min": -3.62874817848,
        "var": 1.61792767048
    },
    "erbbands_spread": {
        "dmean": 4.73601579666,
        "dmean2": 7.40685367584,
        "dvar": 18.5207557678,
        "dvar2": 44.4181289673,
        "max": 121.894966125,
        "mean": 24.9040813446,
        "median": 25.490447998,
        "min": 0.678897559643,
        "var": 151.386016846
    },
    "hfc": {
        "dmean": 2.69776153564,
        "dmean2": 4.00580787659,
        "dvar": 70.4046096802,
        "dvar2": 161.702819824,
        "max": 435.854248047,
        "mean": 7.55713510513,
        "median": 1.98785924911,
        "min": 1.24263942057e-016,
        "var": 333.644012451
    },
    "melbands_crest": {
        "dmean": 3.16129541397,
        "dmean2": 4.96880292892,
        "dvar": 7.96041488647,
        "dvar2": 19.4897346497,
        "max": 35.1295127869,
        "mean": 15.9198713303,
        "median": 14.7643346786,
        "min": 2.34905767441,
        "var": 42.5190048218
    },
    "melbands_flatness_db": {
        "dmean": 0.0222314484417,
        "dmean2": 0.033899769187,
        "dvar": 0.000414481211919,
        "dvar2": 0.000996567774564,
        "max": 0.539629995823,
        "mean": 0.263019710779,
        "median": 0.249822318554,
        "min": 0.00375607586466,
        "var": 0.00478771515191
    },
    "melbands_kurtosis": {
        "dmean": 5.6029419899,
        "dmean2": 8.75812530518,
        "dvar": 91.2682571411,
        "dvar2": 221.70930481,
        "max": 266.023590088,
        "mean": 10.5544452667,
        "median": 5.44888448715,
        "min": -1.67680859566,
        "var": 237.17137146
    },
    "melbands_skewness": {
        "dmean": 0.636834442616,
        "dmean2": 0.977290928364,
        "dvar": 0.448363989592,
        "dvar2": 1.04740989208,
        "max": 12.8591346741,
        "mean": 2.06277990341,
        "median": 1.80990314484,
        "min": -3.08296227455,
        "var": 2.12972903252
    },
    "melbands_spread": {
        "dmean": 4.78313446045,
        "dmean2": 7.42774915695,
        "dvar": 26.5828075409,
        "dvar2": 61.1056365967,
        "max": 142.000427246,
        "mean": 17.9376010895,
        "median": 14.6939811707,
        "min": 0.441137254238,
        "var": 171.383911133
    },
    "pitch_salience": {
        "dmean": 0.0608240813017,
        "dmean2": 0.0970241799951,
        "dvar": 0.00284554157406,
        "dvar2": 0.00704796705395,
        "max": 0.833047389984,
        "mean": 0.431744992733,
        "median": 0.447690606117,
        "min": 0.0489967055619,
        "var": 0.0144397085533
    },
    "silence_rate_20dB": {
        "dmean": 0.000214972853428,
        "dmean2": 0.000429968815297,
        "dvar": 0.000214907951886,
        "dvar2": 0.00064469355857,
        "max": 1,
        "mean": 0.999892532825,
        "median": 1,
        "min": 0,
        "var": 0.000107464424218
    },
    "silence_rate_30dB": {
        "dmean": 0.00795399583876,
        "dmean2": 0.0159088466316,
        "dvar": 0.00788934901357,
        "dvar2": 0.018447868526,
        "max": 1,
        "mean": 0.9863499403,
        "median": 1,
        "min": 0,
        "var": 0.0134614035487
    },
    "silence_rate_60dB": {
        "dmean": 0.0666415840387,
        "dmean2": 0.133290335536,
        "dvar": 0.0621994510293,
        "dvar2": 0.136944338679,
        "max": 1,
        "mean": 0.586629390717,
        "median": 1,
        "min": 0,
        "var": 0.242524430156
    },
    "spectral_centroid": {
        "dmean": 182.056182861,
        "dmean2": 282.130493164,
        "dvar": 36723.34375,
        "dvar2": 79519.296875,
        "max": 11174.7333984,
        "mean": 1178.52429199,
        "median": 1058.3527832,
        "min": 261.182098389,
        "var": 258193.21875
    },
    "spectral_complexity": {
        "dmean": 1.22190570831,
        "dmean2": 2.04987645149,
        "dvar": 1.28413403034,
        "dvar2": 3.22017669678,
        "max": 19,
        "mean": 6.47087287903,
        "median": 6,
        "min": 0,
        "var": 9.28605175018
    },
    "spectral_decrease": {
        "dmean": 9.62777191305e-010,
        "dmean2": 1.45976342125e-009,
        "dvar": 7.4014723276e-018,
        "dvar2": 1.81138707146e-017,
        "max": -6.51668263644e-030,
        "mean": -2.53298115815e-009,
        "median": -6.23261553478e-010,
        "min": -9.67481881275e-008,
        "var": 3.31631729172e-017
    },
    "spectral_energy": {
        "dmean": 0.00386917940341,
        "dmean2": 0.00585900945589,
        "dvar": 0.000120734119264,
        "dvar2": 0.000294371595373,
        "max": 0.404682815075,
        "mean": 0.0102455150336,
        "median": 0.00253870943561,
        "min": 1.1295704603e-020,
        "var": 0.000545012648217
    },
    "spectral_energyband_high": {
        "dmean": 9.39020628721e-006,
        "dmean2": 1.37850529427e-005,
        "dvar": 8.78854600206e-010,
        "dvar2": 1.59092117258e-009,
        "max": 0.00210768519901,
        "mean": 2.33546652453e-005,
        "median": 9.61796195043e-006,
        "min": 8.23386486948e-021,
        "var": 2.72274713886e-009
    },
    "spectral_energyband_low": {
        "dmean": 0.000109834276373,
        "dmean2": 0.000161045711138,
        "dvar": 2.85527548272e-008,
        "dvar2": 5.44371943079e-008,
        "max": 0.00410185940564,
        "mean": 0.000267771072686,
        "median": 0.0001248154731,
        "min": 1.11689665886e-022,
        "var": 1.38613401646e-007
    },
    "spectral_energyband_middle_high": {
        "dmean": 0.00100610568188,
        "dmean2": 0.00148973031901,
        "dvar": 2.68885924015e-005,
        "dvar2": 5.67442693864e-005,
        "max": 0.333378612995,
        "mean": 0.00224447832443,
        "median": 0.000519104651175,
        "min": 1.69915398424e-021,
        "var": 8.35141181597e-005
    },
    "spectral_energyband_middle_low": {
        "dmean": 0.00336006795987,
        "dmean2": 0.00518169300631,
        "dvar": 9.46306463447e-005,
        "dvar2": 0.000241852932959,
        "max": 0.261335104704,
        "mean": 0.00774827599525,
        "median": 0.00146299169865,
        "min": 3.45381378687e-022,
        "var": 0.00034771420178
    },
    "spectral_entropy": {
        "dmean": 0.164625778794,
        "dmean2": 0.252311438322,
        "dvar": 0.02320712246,
        "dvar2": 0.0537832528353,
        "max": 9.80732727051,
        "mean": 6.61704206467,
        "median": 6.72395420074,
        "min": 4.20040750504,
        "var": 0.264063179493
    },
    "spectral_flux": {
        "dmean": 0.0133791947737,
        "dmean2": 0.0224034395069,
        "dvar": 0.000557298131753,
        "dvar2": 0.00155469356105,
        "max": 0.520334780216,
        "mean": 0.036570802331,
        "median": 0.022660933435,
        "min": 1.0628125463e-010,
        "var": 0.00168248685077
    },
    "spectral_kurtosis": {
        "dmean": 4.19476032257,
        "dmean2": 7.37271642685,
        "dvar": 16.9948997498,
        "dvar2": 51.306186676,
        "max": 82.1600799561,
        "mean": 9.3106918335,
        "median": 7.40311002731,
        "min": -1.25368285179,
        "var": 50.1387748718
    },
    "spectral_rms": {
        "dmean": 0.000417017115979,
        "dmean2": 0.000616712321062,
        "dvar": 4.31576438586e-007,
        "dvar2": 9.91462229649e-007,
        "max": 0.0198698882014,
        "mean": 0.00233188574202,
        "median": 0.00157378194854,
        "min": 3.31966854179e-012,
        "var": 4.5578949539e-006
    },
    "spectral_rolloff": {
        "dmean": 297.853240967,
        "dmean2": 518.200012207,
        "dvar": 204574.453125,
        "dvar2": 449377,
        "max": 18712.3535156,
        "mean": 1254.50085449,
        "median": 1055.12695313,
        "min": 64.599609375,
        "var": 638008.375
    },
    "spectral_skewness": {
        "dmean": 0.381891846657,
        "dmean2": 0.6615909338,
        "dvar": 0.114663496614,
        "dvar2": 0.340043336153,
        "max": 7.59155988693,
        "mean": 1.84814310074,
        "median": 1.68222808838,
        "min": -0.0282171349972,
        "var": 0.550022304058
    },
    "spectral_spread": {
        "dmean": 212157.28125,
        "dmean2": 351406.1875,
        "dvar": 112096337920,
        "dvar2": 176258547712,
        "max": 39767772,
        "mean": 2675444,
        "median": 2605553.25,
        "min": 1091938.375,
        "var": 438323249152
    },
    "spectral_strongpeak": {
        "dmean": 0.439571261406,
        "dmean2": 0.692984521389,
        "dvar": 0.590507030487,
        "dvar2": 1.3742929697,
        "max": 22.746723175,
        "mean": 1.17605745792,
        "median": 0.53560423851,
        "min": 0,
        "var": 2.77811527252
    },
    "zerocrossingrate": {
        "dmean": 0.00516790337861,
        "dmean2": 0.0063924533315,
        "dvar": 3.51938542735e-005,
        "dvar2": 4.61731069663e-005,
        "max": 0.50048828125,
        "mean": 0.0452982150018,
        "median": 0.0419921875,
        "min": 0.00634765625,
        "var": 0.000341662380379
    },
    "barkbands": {
        "dmean": [8.88162594492e-006, 6.98216899764e-005, 4.65262528451e-005, 2.37749991356e-005, 3.75708586944e-005, 0.000154049383127, 0.000979053904302, 0.00189323152881, 0.000834837090224, 7.47846352169e-005, 0.000185949844308, 0.000672644062433, 7.68940662965e-005, 9.84451107797e-005, 6.11645518802e-005, 3.4060980397e-005, 5.6977107306e-005, 5.45594084542e-005, 3.7068646634e-005, 1.18947527881e-005, 5.04674653712e-006, 2.18814079744e-006, 1.05699666619e-006, 3.73648134655e-007, 4.62489460062e-008, 8.00126453981e-009, 2.04153560723e-009],
        "dmean2": [1.42973394759e-005, 0.000105252605863, 6.98189032846e-005, 3.60816957254e-005, 5.71873169974e-005, 0.000248722586548, 0.00148964580148, 0.00287530571222, 0.00130887271371, 0.000113949601655, 0.000296904414427, 0.00100551871583, 0.000109812332084, 0.000154177934746, 9.92332425085e-005, 5.37883970537e-005, 8.9450928499e-005, 8.61256557982e-005, 5.71301716263e-005, 1.85081389645e-005, 7.55991004553e-006, 3.35468939738e-006, 1.63596007496e-006, 5.79764048325e-007, 7.10737566578e-008, 1.29435662188e-008, 3.53213325255e-009],
        "dvar": [2.90165863559e-010, 1.28231070207e-008, 6.88278589678e-009, 4.2215586582e-009, 7.68991625932e-009, 1.68836493231e-007, 1.05157523649e-005, 4.4910950237e-005, 4.31223379564e-005, 1.17855201154e-007, 2.4752794161e-006, 2.53527632594e-005, 3.59638193004e-007, 2.68538968839e-007, 8.52344967939e-008, 5.96322147217e-009, 2.99145348492e-008, 3.70897268454e-008, 1.27370363145e-008, 1.15120490918e-009, 3.66088687143e-010, 3.71120668918e-011, 1.30955923189e-011, 1.83557487786e-012, 1.25693021529e-013, 1.15182377728e-015, 3.72916553427e-018],
        "dvar2": [6.52081055819e-010, 2.56112002717e-008, 1.41949403343e-008, 8.09630318344e-009, 1.73256431424e-008, 4.79308084778e-007, 2.4366303478e-005, 0.000108840300527, 0.000113166148367, 2.70212524356e-007, 5.52777873963e-006, 5.42295711057e-005, 5.41835731838e-007, 6.56406712096e-007, 2.25858769909e-007, 1.43212952608e-008, 6.52445635296e-008, 9.09501594037e-008, 2.96677651335e-008, 2.50863219087e-009, 5.80189341015e-010, 7.97422683441e-011, 3.12217821041e-011, 4.01245573226e-012, 3.05498763222e-013, 2.78949167706e-015, 1.10560067319e-017],
        "max": [0.000477909168694, 0.00308097386733, 0.00191202922724, 0.00433000875637, 0.00278485985473, 0.0133587317541, 0.0948730558157, 0.195615962148, 0.259164601564, 0.0245357342064, 0.0800927877426, 0.332878679037, 0.0459856688976, 0.0275158341974, 0.0158432628959, 0.00241674459539, 0.00631072325632, 0.0112493047491, 0.00538196973503, 0.00208519771695, 0.00199233414605, 0.000397249619709, 0.000208063007449, 5.0489037676e-005, 3.30300281348e-005, 1.93510868485e-006, 3.73459414504e-008],
        "mean": [1.19064761748e-005, 0.000149006111315, 8.8903325377e-005, 4.09034910263e-005, 9.49662644416e-005, 0.000335222925059, 0.00188850518316, 0.00384858553298, 0.00150399340782, 0.000124551675981, 0.000258886691881, 0.00117166701239, 0.000139468131238, 0.000149994535604, 8.99250371731e-005, 6.01108295086e-005, 9.31543036131e-005, 8.99781807675e-005, 6.72259484418e-005, 2.14686151594e-005, 1.00876468423e-005, 4.17575893152e-006, 1.94221865968e-006, 6.78703543144e-007, 1.07231862501e-007, 3.64345247306e-008, 5.91884052881e-009],
        "median": [5.79504785492e-006, 5.21457513969e-005, 2.9601254937e-005, 9.184850569e-006, 5.09292003699e-005, 0.000184284712304, 0.000303091946989, 0.000153968896484, 2.8192091122e-005, 1.29184081743e-005, 1.55002417159e-005, 1.2772883565e-005, 1.20956501632e-005, 2.92898967018e-005, 2.06057811738e-005, 1.96400069399e-005, 3.03189881379e-005, 2.82584551314e-005, 1.94768053916e-005, 7.57290126785e-006, 3.40980113833e-006, 1.38581458486e-006, 5.67623374081e-007, 2.01854163606e-007, 4.83156412656e-008, 3.10413561522e-008, 5.55573276273e-009],
        "min": [2.27464590754e-024, 5.13243759663e-023, 4.99017378989e-023, 1.33308910176e-023, 7.93792421838e-023, 3.20524472538e-023, 2.83873553119e-023, 8.83057460627e-023, 8.73736974369e-023, 8.19891222244e-023, 1.39891910254e-022, 4.40633373186e-023, 1.09333799057e-022, 1.41041160686e-022, 1.19759839164e-022, 1.07497280383e-022, 2.87881193709e-022, 2.24016176026e-022, 3.04611810171e-022, 3.48589177428e-022, 4.09783781041e-022, 5.57810437571e-022, 6.18358200484e-022, 9.60193516874e-022, 1.33188670103e-021, 1.56281246555e-021, 2.84013372088e-021],
        "var": [5.45938183549e-010, 5.36367963377e-008, 2.55298058249e-008, 1.07108348857e-008, 2.46644695778e-008, 3.11492044602e-007, 3.17764242936e-005, 0.000166347439517, 0.000127048551803, 2.44803885607e-007, 4.30591035183e-006, 7.27837104932e-005, 1.38422024065e-006, 3.57683290986e-007, 1.30079598648e-007, 1.61527484721e-008, 5.64864421904e-008, 5.84699577644e-008, 2.85643988462e-008, 3.2799813976e-009, 1.07669173577e-009, 8.99672697452e-011, 2.28991652029e-011, 3.69850461021e-012, 2.01182142777e-013, 1.60754465532e-015, 5.23630143164e-018]
    },
    "erbbands": {
        "dmean": [0.00149040925317, 0.0179201532155, 0.0545294843614, 0.0602210685611, 0.0897870063782, 0.128648608923, 0.324628502131, 1.61474633217, 5.79948806763, 30.5418758392, 41.2879295349, 22.1319732666, 3.33013319969, 3.38449454308, 14.7051649094, 24.5020866394, 5.42543888092, 3.88904881477, 4.7344827652, 1.57429802418, 2.03062820435, 2.78704762459, 2.99928998947, 2.17657971382, 1.4112612009, 0.495608687401, 0.254321306944, 0.125846028328, 0.0670761018991, 0.0607877038419, 0.0264496710151, 0.0127757433802, 0.00300062261522, 0.000780130154453, 0.000205071351957, 5.26630537934e-005, 1.42245653478e-005, 3.94592325392e-006, 1.96611085812e-006, 4.45253363068e-006],
        "dmean2": [0.0024080008734, 0.0266936402768, 0.0806064233184, 0.0904713273048, 0.134701967239, 0.198018059134, 0.517672419548, 2.60474181175, 9.11557102203, 43.9587249756, 62.9821777344, 34.2523765564, 4.86083602905, 5.32188749313, 21.542848587, 36.5142478943, 7.32164764404, 5.93080806732, 7.45027399063, 2.56920194626, 3.18416452408, 4.35447883606, 4.7073340416, 3.42003750801, 2.12111330032, 0.75933432579, 0.387532442808, 0.186218991876, 0.101437270641, 0.0925120189786, 0.0402510352433, 0.0196730364114, 0.00450271321461, 0.00119494809769, 0.000313781987643, 8.34298407426e-005, 2.33504670177e-005, 6.65741526973e-006, 2.9541040476e-006, 6.72739633956e-006],
        "dvar": [6.12750500295e-006, 0.000901258667, 0.0101652843878, 0.014805807732, 0.112827382982, 0.0697547420859, 0.819848656654, 18.6190891266, 283.295654297, 9245.44238281, 27681.7617188, 30495.703125, 300.434082031, 407.492279053, 11931.5283203, 41732.2109375, 1380.99169922, 407.591217041, 918.553100586, 10.1234455109, 24.557138443, 78.0361022949, 96.958694458, 69.5571212769, 22.452501297, 2.34104204178, 0.625522255898, 0.257756799459, 0.0406544990838, 0.0373375713825, 0.00678877532482, 0.00182787363883, 0.000193813670194, 3.5473232856e-005, 2.12095983443e-006, 7.68171162235e-008, 1.27304589093e-009, 2.31682676516e-011, 3.06593639365e-011, 1.61213001282e-010],
        "dvar2": [1.3499700799e-005, 0.00175294466317, 0.0196474567056, 0.0307840444148, 0.210019499063, 0.173560529947, 2.2021150589, 53.5584526062, 713.056213379, 19040.9628906, 67750.4921875, 79183.1796875, 633.68737793, 843.283996582, 25181.828125, 93554.328125, 2204.63916016, 979.357543945, 2283.12353516, 25.6106929779, 55.9717750549, 176.582580566, 238.627426147, 170.54045105, 43.6847457886, 4.77574825287, 1.07837080956, 0.451174914837, 0.0862915813923, 0.0853239297867, 0.0153712593019, 0.00421501975507, 0.000366538908565, 8.5246116214e-005, 4.89118701807e-006, 1.7821095355e-007, 3.1212246121e-009, 6.13369424696e-011, 7.33253319174e-011, 3.90989185473e-010],
        "max": [0.089906707406, 0.705592989922, 2.33872032166, 5.67672777176, 21.0078582764, 7.65537023544, 33.5775871277, 158.123275757, 474.870239258, 3323.53027344, 4758.05712891, 8200.6171875, 798.786621094, 1317.0168457, 5129.62158203, 16931.6621094, 2122.16796875, 1371.4128418, 2084.09936523, 122.554641724, 163.832763672, 313.050933838, 287.080718994, 497.96673584, 379.803924561, 146.392684937, 67.0799713135, 43.7178611755, 14.534277916, 6.97002458572, 3.96671700478, 1.50688242912, 0.983015775681, 0.551822423935, 0.130301937461, 0.0144733414054, 0.00194755836856, 0.000267663534032, 0.000224368341151, 0.000486909091705],
        "mean": [0.00273766228929, 0.0387017503381, 0.109502337873, 0.122527763247, 0.170483529568, 0.338184356689, 0.864250183105, 3.41569042206, 11.9029378891, 61.6472549438, 82.6081008911, 42.5328063965, 5.89431619644, 5.42372083664, 22.1259212494, 44.8577308655, 10.3243494034, 6.66183233261, 7.62605381012, 2.95431232452, 3.88448023796, 5.02184820175, 5.39793252945, 3.95912671089, 2.858117342, 1.0116455555, 0.519085049629, 0.257544130087, 0.139096200466, 0.111771196127, 0.051085267216, 0.0239396132529, 0.00626337667927, 0.00171885697637, 0.000544350128621, 0.000183067648322, 6.78427095409e-005, 1.88039484783e-005, 5.76204365643e-006, 1.1934153008e-005],
        "median": [0.00111592398025, 0.0128253232688, 0.0399105921388, 0.0438050888479, 0.0506616234779, 0.159485757351, 0.475802361965, 1.81347727776, 4.44645690918, 5.8865032196, 2.90617632866, 1.05456113815, 0.944199681282, 0.845904886723, 0.98893737793, 0.778804302216, 0.947822153568, 1.65372800827, 1.3048388958, 1.30841755867, 1.30973756313, 1.92795550823, 1.97660624981, 1.32882452011, 0.861254811287, 0.438734352589, 0.194949001074, 0.0826635211706, 0.0498449280858, 0.031865157187, 0.0148238856345, 0.00661845225841, 0.00217470526695, 0.000704005826265, 0.000305430643493, 0.000136530317832, 5.9121495724e-005, 1.76704961632e-005, 1.83762426786e-006, 3.03702745441e-006],
        "min": [7.32342265158e-022, 1.44845609892e-020, 5.84184093777e-020, 5.34635361162e-020, 1.96382668211e-019, 2.5091916421e-019, 1.92693701173e-019, 2.230865787e-019, 4.16434902855e-019, 7.66874699802e-019, 2.14940731502e-018, 1.83376098354e-018, 2.49962131751e-018, 4.43432377158e-018, 4.65957911445e-018, 2.45711353981e-018, 4.49008153514e-018, 5.98788394006e-018, 6.69263892683e-018, 6.31802702538e-018, 7.94291084217e-018, 1.56739856926e-017, 1.20662134627e-017, 1.25109760703e-017, 1.67753551715e-017, 1.43485975058e-017, 2.05759688447e-017, 1.49935866253e-017, 1.49577912115e-017, 2.19139748446e-017, 1.94868813436e-017, 1.92635293433e-017, 1.64676042789e-017, 1.52054838285e-017, 8.21097278174e-018, 6.00339026783e-018, 3.05155530649e-018, 1.1285142379e-018, 4.3257854743e-019, 4.14992894403e-020],
        "var": [2.10443213291e-005, 0.00388175295666, 0.0404861718416, 0.0566688664258, 0.222104936838, 0.292696893215, 2.13150811195, 33.327911377, 702.132873535, 32496.6328125, 88591.828125, 95541.734375, 747.215576172, 730.288818359, 21597.9785156, 124890.960938, 4784.35498047, 562.033691406, 1358.83374023, 26.504447937, 69.8059234619, 135.071517944, 172.653610229, 95.8048782349, 70.5751190186, 6.05576753616, 1.85460054874, 0.742014884949, 0.102908201516, 0.0743080824614, 0.0143911000341, 0.0037641369272, 0.000489673460834, 6.14377568127e-005, 3.42237831319e-006, 1.18601427346e-007, 2.12197104332e-009, 4.62417812375e-011, 1.45589026945e-010, 7.36555649805e-010]
    },
    "gfcc": {
        "mean": [-155.366455078, 128.57371521, -158.556671143, 19.3862037659, -55.3417205811, -18.7473487854, -28.2733631134, 7.25789546967, -1.15493857861, 6.02130556107, 2.47599601746, -0.304313123226, -15.0435533524],
        "cov": [[2871.39672852, 17.8394374847, -984.00793457, -179.102737427, -254.386230469, -77.7737884521, 359.227294922, 50.6812019348, 346.382080078, -181.945175171, 204.479095459, -249.405380249, -172.319320679], [17.8394374847, 440.973358154, 256.82409668, -73.9577713013, 109.848136902, -66.5943756104, -4.3314371109, -13.9012069702, -20.555557251, -21.8322467804, 32.1329078674, 12.0611791611, -39.5842132568], [-984.00793457, 256.82409668, 780.958068848, 201.523895264, 147.341812134, 79.3060913086, -129.758407593, -17.5225982666, -135.045959473, 32.1180992126, -78.1315155029, 68.7317733765, 15.4694957733], [-179.102737427, -73.9577713013, 201.523895264, 510.864685059, 147.238769531, 80.51537323, -105.202964783, -31.1150779724, -112.479820251, 2.24643921852, -137.100570679, 6.31723833084, 108.036651611], [-254.386230469, 109.848136902, 147.341812134, 147.238769531, 222.720916748, 34.8157272339, -78.2397003174, -20.300327301, -45.145160675, 25.8078861237, -56.218788147, 4.85353517532, 31.970293045], [-77.7737884521, -66.5943756104, 79.3060913086, 80.51537323, 34.8157272339, 207.167114258, 73.9319992065, 7.16580438614, -50.449924469, -38.1849784851, -50.9536514282, -1.72014498711, 12.1409664154], [359.227294922, -4.3314371109, -129.758407593, -105.202964783, -78.2397003174, 73.9319992065, 253.266540527, 80.9985351563, 29.0933074951, -71.8327713013, 38.107170105, -32.7752113342, -62.9627838135], [50.6812019348, -13.9012069702, -17.5225982666, -31.1150779724, -20.300327301, 7.16580438614, 80.9985351563, 125.261566162, 58.4351234436, -17.2354850769, 17.3187007904, -23.3008480072, -41.7618141174], [346.382080078, -20.555557251, -135.045959473, -112.479820251, -45.145160675, -50.449924469, 29.0933074951, 58.4351234436, 261.445648193, 79.9585418701, 45.6002998352, -85.0305633545, -97.5932617188], [-181.945175171, -21.8322467804, 32.1180992126, 2.24643921852, 25.8078861237, -38.1849784851, -71.8327713013, -17.2354850769, 79.9585418701, 162.696304321, 18.1114082336, -15.4791355133, 0.629139244556], [204.479095459, 32.1329078674, -78.1315155029, -137.100570679, -56.218788147, -50.9536514282, 38.107170105, 17.3187007904, 45.6002998352, 18.1114082336, 175.677963257, 39.5558509827, -63.6429290771], [-249.405380249, 12.0611791611, 68.7317733765, 6.31723833084, 4.85353517532, -1.72014498711, -32.7752113342, -23.3008480072, -85.0305633545, -15.4791355133, 39.5558509827, 155.915786743, 78.633392334], [-172.319320679, -39.5842132568, 15.4694957733, 108.036651611, 31.970293045, 12.1409664154, -62.9627838135, -41.7618141174, -97.5932617188, 0.629139244556, -63.6429290771, 78.633392334, 182.479949951]],
        "icov": [[0.00294067896903, -0.00384303717874, 0.0038991314359, -0.00326880789362, 0.0030620128382, -0.00175393733662, -0.000662387581542, 0.00203011999838, -0.00358480401337, 0.00362105551176, -0.00391797861084, 0.00361377838999, -0.00148906093091], [-0.00384303717874, 0.0115221785381, -0.00840826146305, 0.00618155859411, -0.00879561156034, 0.00670646922663, -0.00247530872002, 0.000328507594531, 0.00340147409588, -0.00159923138563, 0.00326497107744, -0.00311237224378, 0.000543847912923], [0.0038991314359, -0.00840826146305, 0.00897268857807, -0.00557032367215, 0.00606791628525, -0.00530368369073, 0.00187786249444, 0.000195815664483, -0.0028889933601, 0.00218132068403, -0.00316060800105, 0.00243828212842, 0.000672237365507], [-0.00326880789362, 0.00618155859411, -0.00557032367215, 0.00748872105032, -0.00589042436332, 0.00239170622081, 0.000699795142282, -0.00200036517344, 0.00422681402415, -0.00310405297205, 0.00475451350212, -0.00273512792774, 5.72954377276e-005], [0.0030620128382, -0.00879561156034, 0.00606791628525, -0.00589042436332, 0.0131074059755, -0.00597903830931, 0.00321882707067, -0.000543121655937, -0.00223564356565, 0.000600066909101, -0.00213991943747, 0.00267295213416, -5.16019899806e-005], [-0.00175393733662, 0.00670646922663, -0.00530368369073, 0.00239170622081, -0.00597903830931, 0.0114325163886, -0.00570233305916, 0.00203027995303, 0.00150131178088, 9.31695467443e-005, 0.0027237450704, -0.00154719885904, 3.53874675056e-005], [-0.000662387581542, -0.00247530872002, 0.00187786249444, 0.000699795142282, 0.00321882707067, -0.00570233305916, 0.0107102617621, -0.00626776600257, 0.00220686406828, -0.000447436963441, 0.00058544886997, -0.00055295729544, 0.00196480937302], [0.00203011999838, 0.000328507594531, 0.000195815664483, -0.00200036517344, -0.000543121655937, 0.00203027995303, -0.00626776600257, 0.0148607026786, -0.00645196065307, 0.00556414853781, -0.00380757660605, 0.00304421130568, -0.00175507622771], [-0.00358480401337, 0.00340147409588, -0.0028889933601, 0.00422681402415, -0.00223564356565, 0.00150131178088, 0.00220686406828, -0.00645196065307, 0.0130230626091, -0.00934958830476, 0.00544626172632, -0.00295987888239, 0.00484388787299], [0.00362105551176, -0.00159923138563, 0.00218132068403, -0.00310405297205, 0.000600066909101, 9.31695467443e-005, -0.000447436963441, 0.00556414853781, -0.00934958830476, 0.0161329358816, -0.00835874862969, 0.00709382072091, -0.00529499538243], [-0.00391797861084, 0.00326497107744, -0.00316060800105, 0.00475451350212, -0.00213991943747, 0.0027237450704, 0.00058544886997, -0.00380757660605, 0.00544626172632, -0.00835874862969, 0.0174785889685, -0.012121507898, 0.00824663415551], [0.00361377838999, -0.00311237224378, 0.00243828212842, -0.00273512792774, 0.00267295213416, -0.00154719885904, -0.00055295729544, 0.00304421130568, -0.00295987888239, 0.00709382072091, -0.012121507898, 0.0187226198614, -0.00961231719702], [-0.00148906093091, 0.000543847912923, 0.000672237365507, 5.72954377276e-005, -5.16019899806e-005, 3.53874675056e-005, 0.00196480937302, -0.00175507622771, 0.00484388787299, -0.00529499538243, 0.00824663415551, -0.00961231719702, 0.0140110217035]]
    },
    "melbands": {
        "dmean": [1.62931883096e-005, 2.64162827079e-005, 1.13675478133e-005, 7.04351532477e-006, 9.98037103273e-006, 3.52890092472e-005, 0.000119547359645, 0.000362297665561, 0.000321016617818, 0.000117770410725, 1.18629495773e-005, 1.27787470774e-005, 3.75919626094e-005, 7.93412182247e-005, 3.80587734981e-005, 6.72777878208e-006, 7.57369616622e-006, 8.97249447007e-006, 2.93101174975e-006, 1.75664308699e-006, 2.78887227978e-006, 2.92502272714e-006, 3.47766581399e-006, 2.67390396402e-006, 1.95595202968e-006, 1.41358054861e-006, 6.95652317972e-007, 2.90963441785e-007, 1.73201840425e-007, 1.35638202892e-007, 6.64737527245e-008, 3.85910823297e-008, 5.43206084558e-008, 3.04147604879e-008, 1.87961521902e-008, 1.09466924414e-008, 7.44850980894e-009, 2.60985366651e-009, 1.07543896011e-009, 6.03946503919e-010],
        "dmean2": [2.51805467997e-005, 3.85870152968e-005, 1.69343784364e-005, 1.06931420305e-005, 1.57217054948e-005, 5.67844726902e-005, 0.000184902964975, 0.000523067836184, 0.000486396864289, 0.000182364296052, 1.73056669155e-005, 2.02405863092e-005, 5.6653880165e-005, 0.000120454395073, 5.09644996782e-005, 9.81681023404e-006, 1.14894228318e-005, 1.41549853652e-005, 4.72399187856e-006, 2.83481449515e-006, 4.35087895312e-006, 4.59472039438e-006, 5.38680160389e-006, 4.22827270086e-006, 3.07129334942e-006, 2.16742409975e-006, 1.05795515992e-006, 4.52761725001e-007, 2.6916279694e-007, 1.96028366872e-007, 1.01838182331e-007, 5.9272210251e-008, 8.48699173162e-008, 4.71049936834e-008, 2.88872108456e-008, 1.73924394886e-008, 1.15354037433e-008, 3.99663280248e-009, 1.65607128011e-009, 9.33001009784e-010],
        "dvar": [6.68589128505e-010, 2.14180251312e-009, 7.34723004658e-010, 3.04626740499e-010, 7.32009175497e-010, 8.91679707848e-009, 1.35302030912e-007, 1.19604976589e-006, 1.83899828698e-006, 1.03703541754e-006, 2.39106157096e-009, 6.17087003718e-009, 7.82281688316e-008, 3.61379107972e-007, 1.16656764249e-007, 2.29002705687e-009, 1.9738422008e-009, 3.8693750426e-009, 8.30275848074e-011, 1.69628217722e-011, 5.31796134906e-011, 9.83503417595e-011, 9.7218073869e-011, 1.04318727268e-010, 5.75562895955e-011, 2.17140246755e-011, 4.49480296733e-012, 1.15604910627e-012, 2.89548522962e-013, 7.72794913999e-013, 4.32578269266e-014, 1.50042399837e-014, 3.26977926343e-014, 1.17641661657e-014, 3.39442058513e-015, 1.52143676821e-015, 7.09377334892e-016, 1.37512000573e-016, 5.91340037909e-017, 2.23701864591e-017],
        "dvar2": [1.38732370036e-009, 3.98956201408e-009, 1.38493816415e-009, 6.49553633103e-010, 1.919478132e-009, 2.52578793436e-008, 3.22671013464e-007, 2.48051992457e-006, 4.45574414698e-006, 2.63786910182e-006, 4.39572112043e-009, 1.3275870181e-008, 1.69308037812e-007, 8.17161037503e-007, 1.95518282453e-007, 4.0464649409e-009, 4.75930850286e-009, 9.58725632216e-009, 2.0261961553e-010, 4.36495006806e-011, 1.17809179079e-010, 2.20729753919e-010, 2.20639326254e-010, 2.42002473616e-010, 1.39484576667e-010, 4.89397654346e-011, 9.11604385728e-012, 2.36740770217e-012, 5.99798368525e-013, 1.0760160124e-012, 9.08349187968e-014, 3.24812876248e-014, 7.07153858582e-014, 2.76601302491e-014, 7.65769199218e-015, 3.86318471177e-015, 1.57190839104e-015, 2.68099003877e-016, 1.37731765919e-016, 5.56713198676e-017],
        "max": [0.000877867976669, 0.00112980022095, 0.00177910807543, 0.000796138017904, 0.000973416725174, 0.00318432156928, 0.0101111242548, 0.0338622182608, 0.0386938080192, 0.0487258136272, 0.00188100268133, 0.00492735998705, 0.0126823447645, 0.0347192808986, 0.0239661280066, 0.0049873040989, 0.00310727348551, 0.00430513359606, 0.000471209990792, 0.000163133372553, 0.000295669597108, 0.000352988048689, 0.00031992548611, 0.000530233315658, 0.000409674132243, 0.000277753162663, 0.000115626004117, 0.000105828563392, 2.6713243642e-005, 0.000104064405605, 9.23114566831e-006, 4.86193039251e-006, 1.40310867209e-005, 4.98325834997e-006, 2.63454808191e-006, 1.58299451414e-006, 1.02216324649e-006, 8.76126989624e-007, 5.61187903259e-007, 4.50529654472e-007],
        "mean": [3.4206728742e-005, 5.76449747314e-005, 2.26950123761e-005, 1.70719795278e-005, 2.62721951003e-005, 7.51820771256e-005, 0.000235497485846, 0.000735355075449, 0.000625732063781, 0.000219130757614, 1.89963684534e-005, 1.9231956685e-005, 5.42370107723e-005, 0.000132679138915, 6.1192571593e-005, 1.27954444906e-005, 1.17804647743e-005, 1.37339693538e-005, 4.86062026539e-006, 3.04889204017e-006, 4.92389926876e-006, 4.71128805657e-006, 5.94657876718e-006, 4.38729011876e-006, 3.04443437926e-006, 2.50113794209e-006, 1.28946294353e-006, 4.99471752846e-007, 3.25924503386e-007, 2.39739335939e-007, 1.22221223364e-007, 6.92944581715e-008, 9.09414978878e-008, 5.03851502742e-008, 3.22503552752e-008, 1.87852275957e-008, 1.25562014119e-008, 4.69684158233e-009, 1.99658378719e-009, 1.17583853765e-009],
        "median": [1.35100199259e-005, 2.23858369282e-005, 9.06569493964e-006, 6.35862215859e-006, 1.56091973622e-005, 3.82497164537e-005, 6.7541419412e-005, 6.40188955003e-005, 1.33024495881e-005, 4.20561991632e-006, 3.11527446684e-006, 2.14683177546e-006, 2.7218611649e-006, 1.69412192008e-006, 1.30169132717e-006, 1.68881160789e-006, 2.39529026658e-006, 1.59355727192e-006, 1.50838900481e-006, 1.12700195132e-006, 1.28264900923e-006, 1.45948638419e-006, 1.48530148181e-006, 1.21102448247e-006, 8.07125502433e-007, 6.41465476292e-007, 3.69697687574e-007, 1.64247467183e-007, 1.0143429563e-007, 6.05369621098e-008, 3.36201253504e-008, 2.44560229845e-008, 2.27273542208e-008, 1.30415536148e-008, 8.61193338864e-009, 4.90917706486e-009, 3.18856274717e-009, 1.51089318834e-009, 7.26358750924e-010, 4.82989537254e-010],
        "min": [1.07634469605e-023, 2.73828356124e-023, 1.1863994698e-023, 1.95720177118e-023, 6.3575637471e-024, 5.9267660179e-024, 6.20126791924e-024, 1.05730680028e-023, 1.58226044277e-023, 1.27395884931e-023, 1.21642604021e-023, 1.66832674526e-023, 1.72285375766e-023, 7.26139679052e-024, 8.55219884568e-024, 1.0071755575e-023, 1.10668507533e-023, 1.13146193418e-023, 9.79275440548e-024, 6.71434068541e-024, 1.06579297147e-023, 1.7107400096e-023, 1.26790505184e-023, 1.12290792096e-023, 9.3570428617e-024, 1.30776027693e-023, 1.00671352167e-023, 8.92864484738e-024, 1.50221157128e-023, 9.63471243401e-024, 7.83923188157e-024, 7.41906720851e-024, 1.21744509072e-023, 1.127793021e-023, 1.15826293123e-023, 9.92049228528e-024, 1.32094206377e-023, 1.22167228077e-023, 1.20669094443e-023, 1.27570767506e-023],
        "var": [2.68535949033e-009, 9.32262711473e-009, 1.9969208509e-009, 1.08549680355e-009, 1.96766802851e-009, 1.64894533583e-008, 3.66670093399e-007, 4.35502306573e-006, 5.47818854102e-006, 3.17721287502e-006, 4.84974460591e-009, 1.02753290321e-008, 1.39255021736e-007, 8.79385936514e-007, 3.14515489208e-007, 8.14104605951e-009, 2.43090569896e-009, 5.40415490136e-009, 1.92623861306e-010, 4.11974517001e-011, 1.46831949377e-010, 1.7311770073e-010, 2.16670029141e-010, 1.72026490275e-010, 7.53552428789e-011, 5.21320972502e-011, 1.47311555315e-011, 2.612285388e-012, 7.64007997492e-013, 2.19576982464e-012, 1.21942644242e-013, 3.03108232957e-014, 7.00090823529e-014, 1.95146040305e-014, 6.80790068213e-015, 2.76964633038e-015, 1.38080981721e-015, 3.33361939551e-016, 1.00014388011e-016, 3.51834424494e-017]
    },
    "mfcc": {
        "mean": [-793.021789551, 152.702026367, -35.6758041382, 31.4379272461, -8.27026081085, -13.1387863159, -15.5754451752, -1.14051568508, -9.97432231903, 6.23562097549, 10.8447093964, 10.2889041901, 9.30916213989],
        "cov": [[3083.04467773, -121.875518799, -870.54901123, -60.3257713318, -539.86315918, -67.4217224121, -198.347686768, 261.301055908, -94.918006897, 247.511688232, 172.172805786, 188.902999878, 19.1957931519], [-121.875518799, 536.811767578, 108.409797668, -32.1174964905, 77.8293228149, -90.770980835, 32.7206916809, -15.020401001, -66.5749511719, -67.6493835449, 41.4975585938, 7.81944894791, 57.3405647278], [-870.54901123, 108.409797668, 613.755004883, 107.619949341, 187.170562744, 81.1651916504, 101.887664795, -8.21660327911, 23.527879715, -75.9685897827, -60.1701583862, -44.0382804871, -7.58567333221], [-60.3257713318, -32.1174964905, 107.619949341, 286.739898682, 148.669769287, 62.1486663818, 21.7410087585, -47.0925445557, 46.3607788086, -9.25626373291, -63.9870223999, -71.2033538818, -46.7650909424], [-539.86315918, 77.8293228149, 187.170562744, 148.669769287, 344.273834229, 85.6307296753, 10.7214860916, -92.6152420044, 22.8922138214, -37.7518119812, -60.9015617371, -73.1274108887, -40.47315979], [-67.4217224121, -90.770980835, 81.1651916504, 62.1486663818, 85.6307296753, 199.826553345, 40.5538101196, -24.6992435455, 67.3521957397, -6.25283718109, -53.8665618896, -19.4826107025, -34.3950119019], [-198.347686768, 32.7206916809, 101.887664795, 21.7410087585, 10.7214860916, 40.5538101196, 217.149520874, 74.4693069458, 2.50373148918, -51.0384597778, -82.5584182739, -44.2475357056, -4.90151262283], [261.301055908, -15.020401001, -8.21660327911, -47.0925445557, -92.6152420044, -24.6992435455, 74.4693069458, 238.315963745, -11.9346704483, 12.4917697906, 26.6314888, -1.49173212051, 15.6845693588], [-94.918006897, -66.5749511719, 23.527879715, 46.3607788086, 22.8922138214, 67.3521957397, 2.50373148918, -11.9346704483, 186.084274292, 43.5779724121, -42.4776039124, -32.4166145325, -59.7065696716], [247.511688232, -67.6493835449, -75.9685897827, -9.25626373291, -37.7518119812, -6.25283718109, -51.0384597778, 12.4917697906, 43.5779724121, 181.513305664, 96.2514266968, 34.2588424683, -28.2071971893], [172.172805786, 41.4975585938, -60.1701583862, -63.9870223999, -60.9015617371, -53.8665618896, -82.5584182739, 26.6314888, -42.4776039124, 96.2514266968, 258.170043945, 130.129333496, 18.8168048859], [188.902999878, 7.81944894791, -44.0382804871, -71.2033538818, -73.1274108887, -19.4826107025, -44.2475357056, -1.49173212051, -32.4166145325, 34.2588424683, 130.129333496, 231.692718506, 84.9190979004], [19.1957931519, 57.3405647278, -7.58567333221, -46.7650909424, -40.47315979, -34.3950119019, -4.90151262283, 15.6845693588, -59.7065696716, -28.2071971893, 18.8168048859, 84.9190979004, 191.905929565]],
