{
"lowlevel": {
    "average_loudness": 0.943972289562,
    "barkbands_crest": {
        "dmean": 2.73613190651,
        "dmean2": 4.17135572433,
        "dvar": 7.32092094421,
        "dvar2": 15.5913686752,
        "max": 26.3543014526,
        "mean": 11.2176008224,
        "median": 10.3904466629,
        "min": 2.78286838531,
        "var": 20.4403839111
    },
    "barkbands_flatness_db": {
        "dmean": 0.0321042872965,
        "dmean2": 0.0465403497219,
        "dvar": 0.00129360612482,
        "dvar2": 0.00308046559803,
        "max": 0.626920342445,
        "mean": 0.169878512621,
        "median": 0.153273910284,
        "min": 0.0228834114969,
        "var": 0.00691459421068
    },
    "barkbands_kurtosis": {
        "dmean": 9.24202728271,
        "dmean2": 13.4903211594,
        "dvar": 1564.015625,
        "dvar2": 2796.9206543,
        "max": 1198.62683105,
        "mean": 11.0942001343,
        "median": 3.19098901749,
        "min": -1.9350733757,
        "var": 2317.75878906
    },
    "barkbands_skewness": {
        "dmean": 0.823507368565,
        "dmean2": 1.16181135178,
        "dvar": 1.85273516178,
        "dvar2": 3.2280933857,
        "max": 30.656162262,
        "mean": 2.02475380898,
        "median": 1.65721440315,
        "min": -3.20680069923,
        "var": 4.57743310928
    },
    "barkbands_spread": {
        "dmean": 6.01665496826,
        "dmean2": 9.32171821594,
        "dvar": 69.017074585,
        "dvar2": 163.605697632,
        "max": 146.920425415,
        "mean": 17.543340683,
        "median": 15.4216403961,
        "min": 0.252197563648,
        "var": 211.876678467
    },
    "dissonance": {
        "dmean": 0.025742681697,
        "dmean2": 0.0422195754945,
        "dvar": 0.000602096144576,
        "dvar2": 0.00157629360911,
        "max": 0.500000119209,
        "mean": 0.445281475782,
        "median": 0.453652471304,
        "min": 0.109823331237,
        "var": 0.00167277536821
    },
    "dynamic_complexity": 3.63742685318,
    "erbbands_crest": {
        "dmean": 2.57089948654,
        "dmean2": 4.03463172913,
        "dvar": 5.54567956924,
        "dvar2": 13.5728750229,
        "max": 29.1643753052,
        "mean": 9.6144952774,
        "median": 8.71335792542,
        "min": 2.39169454575,
        "var": 17.1669864655
    },
    "erbbands_flatness_db": {
        "dmean": 0.0227356851101,
        "dmean2": 0.0315523184836,
        "dvar": 0.000663907558192,
        "dvar2": 0.00131612096447,
        "max": 0.481805026531,
        "mean": 0.162503615022,
        "median": 0.158076256514,
        "min": 0.026160730049,
        "var": 0.00419089058414
    },
    "erbbands_kurtosis": {
        "dmean": 1.22734391689,
        "dmean2": 1.88038980961,
        "dvar": 3.64410281181,
        "dvar2": 8.00481987,
        "max": 69.2601699829,
        "mean": 1.40259373188,
        "median": 0.542538821697,
        "min": -1.9198154211,
        "var": 11.8613519669
    },
    "erbbands_skewness": {
        "dmean": 0.389255404472,
        "dmean2": 0.583764791489,
        "dvar": 0.152791127563,
        "dvar2": 0.337051808834,
        "max": 5.46871185303,
        "mean": 0.600522339344,
        "median": 0.538578152657,
        "min": -2.81383919716,
        "var": 0.579840362072
    },
    "erbbands_spread": {
        "dmean": 8.29733657837,
        "dmean2": 12.1702032089,
        "dvar": 116.564292908,
        "dvar2": 243.702911377,
        "max": 169.777191162,
        "mean": 32.6038665771,
        "median": 28.19921875,
        "min": 1.14149880409,
        "var": 402.5809021
    },
    "hfc": {
        "dmean": 7.54132890701,
        "dmean2": 11.3143482208,
        "dvar": 129.816452026,
        "dvar2": 300.010040283,
        "max": 142.024887085,
        "mean": 23.8376293182,
        "median": 19.6869010925,
        "min": 1.12657009876e-016,
        "var": 370.562683105
    },
    "melbands_crest": {
        "dmean": 3.2357571125,
        "dmean2": 5.01323318481,
        "dvar": 10.8018875122,
        "dvar2": 24.1491241455,
        "max": 37.4888420105,
        "mean": 15.1272678375,
        "median": 14.267334938,
        "min": 1.98238587379,
        "var": 32.7402687073
    },
    "melbands_flatness_db": {
        "dmean": 0.0392912514508,
        "dmean2": 0.0562105886638,
        "dvar": 0.00189933902584,
        "dvar2": 0.00438726227731,
        "max": 0.817396104336,
        "mean": 0.266471028328,
        "median": 0.244972527027,
        "min": 0.00594174861908,
        "var": 0.0107816997916
    },
    "melbands_kurtosis": {
        "dmean": 13.3659162521,
        "dmean2": 19.9775657654,
        "dvar": 1294.11975098,
        "dvar2": 2452.47509766,
        "max": 791.020874023,
        "mean": 19.7221736908,
        "median": 8.03950309753,
        "min": -1.65408504009,
        "var": 2161.13037109
    },
    "melbands_skewness": {
        "dmean": 0.921578764915,
        "dmean2": 1.32025492191,
        "dvar": 1.33291709423,
        "dvar2": 2.60696697235,
        "max": 16.7503070831,
        "mean": 2.76160311699,
        "median": 2.34427666664,
        "min": -1.64010882378,
        "var": 4.26809644699
    },
    "melbands_spread": {
        "dmean": 4.96357536316,
        "dmean2": 7.47480487823,
        "dvar": 45.9592857361,
        "dvar2": 99.8932189941,
        "max": 195.968078613,
        "mean": 16.0790195465,
        "median": 13.9665346146,
        "min": 0.201072886586,
        "var": 157.751342773
    },
    "pitch_salience": {
        "dmean": 0.077911041677,
        "dmean2": 0.122404247522,
        "dvar": 0.00651287753135,
        "dvar2": 0.0151502173394,
        "max": 0.982697069645,
        "mean": 0.49120670557,
        "median": 0.498473137617,
        "min": 0.0509693883359,
        "var": 0.015004591085
    },
    "silence_rate_20dB": {
        "dmean": 0,
        "dmean2": 0,
        "dvar": 0,
        "dvar2": 0,
        "max": 1,
        "mean": 1,
        "median": 1,
        "min": 1,
        "var": 0
    },
    "silence_rate_30dB": {
        "dmean": 0.0968772172928,
        "dmean2": 0.193771630526,
        "dvar": 0.0875004827976,
        "dvar2": 0.180195376277,
        "max": 1,
        "mean": 0.864100039005,
        "median": 1,
        "min": 0,
        "var": 0.11743042618
    },
    "silence_rate_60dB": {
        "dmean": 0.020227111876,
        "dmean2": 0.0404578112066,
        "dvar": 0.0198206882924,
        "dvar2": 0.0429115742445,
        "max": 1,
        "mean": 0.0559744536877,
        "median": 0,
        "min": 0,
        "var": 0.0528488270938
    },
    "spectral_centroid": {
        "dmean": 189.567382813,
        "dmean2": 284.893341064,
        "dvar": 60199.5390625,
        "dvar2": 126611.328125,
        "max": 11279.1044922,
        "mean": 975.508666992,
        "median": 932.138305664,
        "min": 99.7582473755,
        "var": 257255.34375
    },
    "spectral_complexity": {
        "dmean": 2.78850245476,
        "dmean2": 4.41043376923,
        "dvar": 10.0509929657,
        "dvar2": 23.5643405914,
        "max": 50,
        "mean": 16.7467403412,
        "median": 17,
        "min": 0,
        "var": 70.6756210327
    },
    "spectral_decrease": {
        "dmean": 5.89942628082e-009,
        "dmean2": 8.60080895393e-009,
        "dvar": 1.13531346401e-016,
        "dvar2": 2.59916692076e-016,
        "max": 6.2450837111e-015,
        "mean": -1.43759626425e-008,
        "median": -1.08487956396e-008,
        "min": -9.86346933018e-008,
        "var": 1.98692158032e-016
    },
    "spectral_energy": {
        "dmean": 0.0224733054638,
        "dmean2": 0.0326336473227,
        "dvar": 0.0016230805777,
        "dvar2": 0.00368872191757,
        "max": 0.376233696938,
        "mean": 0.056420262903,
        "median": 0.0434952899814,
        "min": 1.01966012888e-020,
        "var": 0.00292396731675
    },
    "spectral_energyband_high": {
        "dmean": 0.000478379777633,
        "dmean2": 0.000765456876252,
        "dvar": 8.15695045731e-007,
        "dvar2": 1.97956774173e-006,
        "max": 0.0085736149922,
        "mean": 0.000716449867468,
        "median": 0.000276000064332,
        "min": 7.35464377197e-021,
        "var": 1.19578044178e-006
    },
    "spectral_energyband_low": {
        "dmean": 0.0216668713838,
        "dmean2": 0.0323271416128,
        "dvar": 0.00187668774743,
        "dvar2": 0.00455641793087,
        "max": 0.36920017004,
        "mean": 0.0364418625832,
        "median": 0.0180793628097,
        "min": 5.65668615525e-023,
        "var": 0.00252024666406
    },
    "spectral_energyband_middle_high": {
        "dmean": 0.00199381797574,
        "dmean2": 0.00300206290558,
        "dvar": 9.23343213799e-006,
        "dvar2": 2.09836234717e-005,
        "max": 0.0552686788142,
        "mean": 0.00645578280091,
        "median": 0.00402685301378,
        "min": 1.6039076506e-021,
        "var": 5.06256292283e-005
    },
    "spectral_energyband_middle_low": {
        "dmean": 0.00466786976904,
        "dmean2": 0.00729728676379,
        "dvar": 4.65963421448e-005,
        "dvar2": 0.000122446974274,
        "max": 0.0804399773479,
        "mean": 0.0141452318057,
        "median": 0.0118987392634,
        "min": 1.7860506354e-022,
        "var": 0.000129309206386
    },
    "spectral_entropy": {
        "dmean": 0.23109062016,
        "dmean2": 0.334099918604,
        "dvar": 0.0735903605819,
        "dvar2": 0.171547815204,
        "max": 9.78625583649,
        "mean": 7.27290296555,
        "median": 7.28831624985,
        "min": 4.53625440598,
        "var": 0.366161525249
    },
    "spectral_flux": {
        "dmean": 0.0395338088274,
        "dmean2": 0.0595156736672,
        "dvar": 0.00253705284558,
        "dvar2": 0.00461620977148,
        "max": 0.527131319046,
        "mean": 0.105482965708,
        "median": 0.0862639173865,
        "min": 1.00978218842e-010,
        "var": 0.00627456698567
    },
    "spectral_kurtosis": {
        "dmean": 4.63214588165,
        "dmean2": 6.74273586273,
        "dvar": 231.13458252,
        "dvar2": 473.27557373,
        "max": 458.867889404,
        "mean": 11.7990264893,
        "median": 6.28276205063,
        "min": -1.6070997715,
        "var": 873.667053223
    },
    "spectral_rms": {
        "dmean": 0.00127744267229,
        "dmean2": 0.00174673378933,
        "dvar": 2.98987288261e-006,
        "dvar2": 5.61824617762e-006,
        "max": 0.0191587395966,
        "mean": 0.00661912048236,
        "median": 0.00651417160407,
        "min": 3.15402977173e-012,
        "var": 1.123139009e-005
    },
    "spectral_rolloff": {
        "dmean": 367.781433105,
        "dmean2": 622.817382813,
        "dvar": 1073042.875,
        "dvar2": 2584881,
        "max": 21597.8027344,
        "mean": 1087.0736084,
        "median": 689.0625,
        "min": 21.533203125,
        "var": 4391587.5
    },
    "spectral_skewness": {
        "dmean": 0.378626972437,
        "dmean2": 0.562087357044,
        "dvar": 0.418907374144,
        "dvar2": 0.813048303127,
        "max": 17.7330856323,
        "mean": 2.26623511314,
        "median": 2.00026321411,
        "min": -0.00422310177237,
        "var": 2.3082587719
    },
    "spectral_spread": {
        "dmean": 971580.4375,
        "dmean2": 1353669.75,
        "dvar": 1.88937260237e+012,
        "dvar2": 3.60229293261e+012,
        "max": 40771016,
        "mean": 4815825.5,
        "median": 4178687.75,
        "min": 177782.703125,
        "var": 5.94010229965e+012
    },
    "spectral_strongpeak": {
        "dmean": 0.509480655193,
        "dmean2": 0.877745807171,
        "dvar": 0.75293391943,
        "dvar2": 1.89726865292,
        "max": 9.54079437256,
        "mean": 0.822513282299,
        "median": 0.450460225344,
        "min": 0,
        "var": 1.13516759872
    },
    "zerocrossingrate": {
        "dmean": 0.0122930612415,
        "dmean2": 0.015197715722,
        "dvar": 0.000265214010142,
        "dvar2": 0.00036588619696,
        "max": 0.6259765625,
        "mean": 0.0513322949409,
        "median": 0.04150390625,
        "min": 0.00146484375,
        "var": 0.00241310475394
    },
    "barkbands": {
        "dmean": [0.000762394338381, 0.0166667811573, 0.00566963013262, 0.00116787164006, 0.00136750016827, 0.00182471890002, 0.00111606856808, 0.000923808780499, 0.00124633265659, 0.00065997330239, 0.000586310983635, 0.000742925971281, 0.000337726873113, 0.000506459386088, 0.00021814063075, 0.00019340578001, 0.000101425037428, 7.58294772822e-005, 0.000106648396468, 6.52134986012e-005, 7.19401214155e-005, 4.66031851829e-005, 4.87042561872e-005, 7.68780737417e-005, 0.000104371341877, 0.000108907966933, 5.26367075508e-005],
        "dmean2": [0.00128949841019, 0.024376174435, 0.00978600885719, 0.00194323016331, 0.00228921673261, 0.0028113166336, 0.00176816550083, 0.00125072279479, 0.00183014257345, 0.000974810158368, 0.000887298199814, 0.001111689955, 0.000522103742696, 0.000819457054604, 0.000342616462149, 0.000305391702568, 0.000164928962477, 0.00012511665409, 0.000176026645931, 0.000106647523353, 0.000116989263915, 7.37946829759e-005, 7.88796096458e-005, 0.00012235151371, 0.000166494748555, 0.000177850844921, 8.32697769511e-005],
        "dvar": [3.21475226883e-006, 0.00117441068869, 0.00016640953254, 7.37199115974e-006, 1.05399058157e-005, 8.54617974255e-006, 2.50013454206e-006, 2.21257164412e-006, 4.5453552957e-006, 2.47717230195e-006, 2.15752697841e-006, 3.41590907738e-006, 7.92265268501e-007, 8.37476193283e-007, 1.94023400013e-007, 1.32322853119e-007, 4.44378471798e-008, 1.94783993379e-008, 3.52043585394e-008, 1.25191510492e-008, 1.45045193634e-008, 7.81798803473e-009, 9.54977608103e-009, 2.76105964758e-008, 5.68083891039e-008, 8.07972213579e-008, 2.81704650718e-008],
        "dvar2": [9.75136026682e-006, 0.00270524946973, 0.000472305138828, 2.00252343348e-005, 2.91878459393e-005, 2.09633053601e-005, 6.81128904034e-006, 4.32248089055e-006, 9.49021523411e-006, 5.10538711751e-006, 4.76748800793e-006, 7.44666931496e-006, 1.82042072083e-006, 2.25078406402e-006, 4.65983760023e-007, 3.15780170013e-007, 1.1055189475e-007, 5.04250117217e-008, 9.41751636674e-008, 3.33086589421e-008, 3.76837938632e-008, 1.89691657937e-008, 2.15307647267e-008, 6.37041850382e-008, 1.2862049914e-007, 2.03919483965e-007, 6.92238444344e-008],
        "max": [0.0759183987975, 0.291064977646, 0.115147784352, 0.0625124722719, 0.0508805811405, 0.0453111603856, 0.0287999939173, 0.0304929129779, 0.0451032295823, 0.0361304879189, 0.0389918498695, 0.0492892190814, 0.0239023715258, 0.0148695465177, 0.00869567971677, 0.00733858300373, 0.00462566828355, 0.00237657641992, 0.00357372476719, 0.00338339083828, 0.00140906241722, 0.00141048897058, 0.00133887736592, 0.00287390244193, 0.00535027449951, 0.00319658755325, 0.001795534743],
        "mean": [0.00120192323811, 0.0255357716233, 0.00848936662078, 0.00190604804084, 0.00203453563154, 0.00370093178935, 0.00204988010228, 0.00166366656777, 0.00255069509149, 0.00121083715931, 0.00106390088331, 0.00140938302502, 0.000590925163124, 0.000975640548859, 0.000384785118513, 0.000364963081665, 0.000165273624589, 0.000136671777, 0.000203966003028, 0.000131569395307, 0.000131979031721, 7.5160212873e-005, 6.76300332998e-005, 9.73448404693e-005, 0.000121907214634, 0.000105510211142, 5.00920759805e-005],
        "median": [0.000482210831251, 0.0111800413579, 0.00423615938053, 0.000789824291132, 0.0011493137572, 0.00212749978527, 0.00125813914929, 0.000741376541555, 0.00113493250683, 0.000321828294545, 0.000221683920245, 0.000365047308151, 0.000230794074014, 0.000332578056259, 0.00014309011749, 0.000131017121021, 6.52948729112e-005, 6.15702811047e-005, 0.000110889610369, 7.06542195985e-005, 6.31681323284e-005, 2.05882661248e-005, 6.25343136562e-006, 1.50087198563e-005, 2.2644035198e-005, 1.01256682683e-005, 2.5033170914e-006],
        "min": [4.31895792028e-023, 8.38352381807e-024, 1.74933376721e-023, 1.55236734763e-023, 3.54221486519e-023, 3.0729202505e-023, 1.98437597832e-023, 1.56642548005e-023, 3.00692477826e-023, 5.74293074029e-023, 4.2735413047e-023, 1.28401766205e-022, 1.45560639475e-022, 1.25295989267e-022, 1.39225366965e-022, 2.03682396359e-022, 1.09684936823e-022, 1.88346094702e-022, 2.84050762833e-022, 4.13229500231e-022, 4.61662909239e-022, 6.58906509293e-022, 4.21613211009e-022, 8.01265080312e-022, 1.13811247337e-021, 1.54134898658e-021, 2.34453722143e-021],
        "var": [6.27587769486e-006, 0.00159351166803, 0.00015171058476, 1.03223246697e-005, 1.07578634925e-005, 2.1950356313e-005, 5.65422124055e-006, 5.78967365072e-006, 1.31258493639e-005, 7.2388506851e-006, 6.87868350724e-006, 1.08546291813e-005, 1.81833411261e-006, 2.08188544093e-006, 4.39154376863e-007, 3.44219643011e-007, 8.358284731e-008, 4.02466007188e-008, 7.52726165842e-008, 3.1135908074e-008, 2.98973112933e-008, 1.89345090718e-008, 1.9259760009e-008, 4.34638103286e-008, 8.26150099442e-008, 7.20365491702e-008, 2.64543551509e-008]
    },
    "erbbands": {
        "dmean": [0.445180475712, 4.15635728836, 7.55609512329, 4.7029747963, 3.80183792114, 4.45320796967, 8.89280223846, 17.4023418427, 17.9571456909, 12.2220935822, 20.3666667938, 25.7961368561, 24.4711322784, 18.1547374725, 25.5834941864, 21.8736991882, 15.3364868164, 18.8618392944, 17.2307815552, 10.280670166, 11.2334327698, 5.23811435699, 3.57734251022, 5.46027803421, 4.07620048523, 3.21014523506, 3.12891459465, 2.45901894569, 1.73518490791, 1.47198164463, 1.42506968975, 1.30088281631, 1.47965908051, 1.13588833809, 0.776792287827, 0.467749774456, 0.196231260896, 0.0641504600644, 0.00933364685625, 0.0003142466594],
        "dmean2": [0.632159054279, 6.52435445786, 13.1593065262, 7.84115505219, 6.62255334854, 7.37312173843, 13.5664920807, 26.6829833984, 29.0724315643, 17.5133266449, 28.2280578613, 37.3305702209, 35.9243202209, 26.7858753204, 38.3519058228, 32.739025116, 23.5698566437, 30.0789299011, 28.0420188904, 15.8930721283, 17.6176242828, 8.40263557434, 5.73670768738, 9.0697259903, 6.71667385101, 5.3018913269, 5.04624557495, 4.00112962723, 2.75774669647, 2.36652112007, 2.3264272213, 2.07520651817, 2.36250948906, 1.82199668884, 1.24638342857, 0.760544478893, 0.322401046753, 0.104695782065, 0.0144124347717, 0.0004762224562],
        "dvar": [0.629029214382, 93.5797195435, 352.759033203, 102.500961304, 114.379234314, 119.371818542, 262.244628906, 814.863098145, 785.260314941, 293.565979004, 998.886352539, 2138.87304688, 2519.7109375, 1367.63671875, 3103.78027344, 3018.87084961, 1525.95080566, 1604.6151123, 1045.87512207, 499.434844971, 491.559539795, 103.455223083, 41.1834907532, 113.410339355, 52.5055656433, 31.6812400818, 26.2915668488, 19.7749919891, 11.124174118, 8.3994512558, 8.18543624878, 7.19774866104, 11.7482242584, 6.85355377197, 3.54214406013, 1.21313643456, 0.325353950262, 0.0361685082316, 0.000829930824693, 1.28749547912e-006],
        "dvar2": [1.20618665218, 240.61831665, 1003.27893066, 275.890106201, 326.551513672, 321.43081665, 616.026733398, 1980.83813477, 2149.20947266, 612.682434082, 2085.86401367, 4309.15380859, 5364.06054688, 2992.12841797, 6878.95751953, 6767.08203125, 3545.3918457, 4123.62255859, 2923.31494141, 1173.20568848, 1198.64123535, 261.017578125, 100.059364319, 306.651916504, 139.696807861, 85.0578613281, 67.29296875, 51.2371559143, 27.4999694824, 20.007692337, 18.7732276917, 17.2286605835, 26.4664936066, 15.7167844772, 8.17331886292, 3.00780963898, 0.827311038971, 0.0916769355536, 0.00197895802557, 3.12082215714e-006],
        "max": [9.9561662674, 78.8500671387, 160.198287964, 170.066650391, 129.857040405, 229.203201294, 305.404144287, 477.58203125, 540.091308594, 290.773712158, 724.119567871, 946.026977539, 973.978942871, 896.501159668, 1396.21362305, 1184.22473145, 1245.40478516, 923.952453613, 462.726715088, 490.891021729, 468.205993652, 282.522491455, 116.919944763, 268.203186035, 174.301467896, 159.690383911, 89.1322784424, 49.7697792053, 52.3316230774, 40.9541358948, 48.6681213379, 43.1788825989, 70.8899993896, 49.5054740906, 49.9242706299, 17.0080108643, 8.24211502075, 2.00213599205, 0.332785129547, 0.0138303358108],
        "mean": [0.776520371437, 5.53921413422, 10.2421779633, 8.67952919006, 5.24388742447, 6.68334674835, 16.538974762, 35.053440094, 34.942653656, 24.9826335907, 40.5917358398, 52.860206604, 48.7888221741, 37.5027770996, 52.9773292542, 43.6558799744, 29.7348861694, 36.8263893127, 36.5034637451, 19.4846401215, 21.8918132782, 10.013001442, 7.22727775574, 10.6220245361, 8.23065567017, 6.564661026, 6.26404190063, 4.14456415176, 2.80821681023, 2.11508202553, 1.96683859825, 1.73571491241, 1.79306197166, 1.33180952072, 0.879885435104, 0.475670456886, 0.184305503964, 0.0595151074231, 0.00918487645686, 0.000358461838914],
        "median": [0.374677598476, 2.31700110435, 4.95124435425, 4.02046632767, 3.01082158089, 3.68486213684, 8.9278345108, 20.123128891, 20.7533454895, 15.7365455627, 21.3814582825, 25.0177001953, 16.7027587891, 15.2378635406, 17.6797199249, 14.1273775101, 13.0131607056, 13.6818733215, 12.0486822128, 8.69010829926, 7.44523096085, 4.62163543701, 3.51206851006, 5.70877170563, 4.74242782593, 3.56888890266, 3.20201039314, 1.75096654892, 0.845401525497, 0.306119263172, 0.18821208179, 0.248292580247, 0.27971470356, 0.229682058096, 0.165240287781, 0.0672642886639, 0.0128051415086, 0.00337771931663, 0.000444712117314, 8.14894374344e-005],
        "min": [4.22960888358e-022, 1.76266796513e-021, 1.18115833853e-020, 6.06856403509e-020, 8.65790430867e-020, 1.24984185897e-019, 1.09804116263e-019, 3.18235458502e-019, 1.89737939275e-019, 5.61960245184e-019, 4.34692769377e-019, 6.59395865789e-019, 1.86369375477e-018, 1.13006034186e-018, 3.38783586515e-018, 4.46417796066e-018, 7.32221684439e-018, 5.74020786669e-018, 6.21179594162e-018, 1.07557062551e-017, 8.27936407479e-018, 7.83488188135e-018, 1.07453789052e-017, 1.21577095646e-017, 1.48031646852e-017, 2.29813902137e-017, 1.88819691247e-017, 1.82152036483e-017, 2.40029979749e-017, 1.88720495748e-017, 1.15212759741e-017, 1.49303106172e-017, 1.40285795248e-017, 1.25990526076e-017, 8.11712417816e-018, 4.94384386786e-018, 3.075503426e-018, 1.54496379736e-018, 2.88187424817e-019, 3.27479447417e-020],
        "var": [1.16325092316, 94.1946487427, 274.660614014, 159.040512085, 86.3750457764, 136.143249512, 546.99621582, 2037.60632324, 1737.94018555, 824.136535645, 2712.73510742, 6118.97900391, 7079.48242188, 4594.96337891, 10694.7207031, 9296.46191406, 3653.74853516, 3864.02685547, 2943.58886719, 1166.78662109, 1310.68603516, 233.701828003, 106.248527527, 213.980834961, 110.852035522, 75.888885498, 66.4260482788, 36.5451545715, 25.2377910614, 17.4784107208, 16.1916637421, 12.9136247635, 17.3919658661, 9.57716560364, 4.95318031311, 1.19451057911, 0.275438964367, 0.0312885120511, 0.000846314535011, 1.28173564917e-006]
    },
    "gfcc": {
        "mean": [-6.39161252975, 106.944023132, -91.8595428467, 10.1201505661, -44.2882537842, 10.3757944107, -23.7301216125, 14.3130664825, -19.1845626831, 15.5495595932, -7.90203714371, -0.471936225891, -4.45272827148],
        "cov": [[15980.8486328, -2140.86279297, -685.04486084, 998.588623047, -43.0620040894, 874.163696289, -422.006652832, 729.766174316, -422.493041992, 314.350769043, -792.446960449, 86.4621047974, -184.407745361], [-2140.86279297, 2572.4296875, 125.521316528, -125.80493927, 476.282440186, -176.037277222, 311.795806885, -156.493652344, 113.74344635, -90.1903686523, 221.495544434, -171.832077026, 89.4300765991], [-685.04486084, 125.521316528, 1405.75183105, 123.620140076, 288.044250488, 149.640426636, 58.6034660339, 7.322057724, 148.375137329, -57.7024269104, 5.18802785873, 27.2486877441, -137.257125854], [998.588623047, -125.80493927, 123.620140076, 502.621154785, 56.3379173279, 76.2174072266, -17.483373642, 87.6555175781, 41.5721549988, -6.42887592316, -68.7602005005, 7.44979524612, -8.37642669678], [-43.0620040894, 476.282440186, 288.044250488, 56.3379173279, 483.338806152, 66.0322952271, 123.640335083, 12.1613273621, 56.4391517639, -36.3652076721, 12.5737257004, -41.6609764099, -40.9317474365], [874.163696289, -176.037277222, 149.640426636, 76.2174072266, 66.0322952271, 345.561645508, 64.9965209961, 15.0246562958, -45.0259246826, 17.8453559875, -16.8790664673, 7.16162633896, -40.8642044067], [-422.006652832, 311.795806885, 58.6034660339, -17.483373642, 123.640335083, 64.9965209961, 209.794509888, -34.2168083191, -1.23537194729, -12.6415109634, 51.3327484131, -15.6623878479, -15.9597730637], [729.766174316, -156.493652344, 7.322057724, 87.6555175781, 12.1613273621, 15.0246562958, -34.2168083191, 172.657104492, 2.30670380592, 36.2480163574, -52.6370391846, 7.89770555496, 26.1187648773], [-422.493041992, 113.74344635, 148.375137329, 41.5721549988, 56.4391517639, -45.0259246826, -1.23537194729, 2.30670380592, 149.119049072, -15.7187891006, 7.22647047043, -0.124662965536, -14.2230453491], [314.350769043, -90.1903686523, -57.7024269104, -6.42887592316, -36.3652076721, 17.8453559875, -12.6415109634, 36.2480163574, -15.7187891006, 122.629615784, -8.43337154388, 7.17460250854, 21.3900642395], [-792.446960449, 221.495544434, 5.18802785873, -68.7602005005, 12.5737257004, -16.8790664673, 51.3327484131, -52.6370391846, 7.22647047043, -8.43337154388, 153.595794678, -0.92836523056, -2.62893390656], [86.4621047974, -171.832077026, 27.2486877441, 7.44979524612, -41.6609764099, 7.16162633896, -15.6623878479, 7.89770555496, -0.124662965536, 7.17460250854, -0.92836523056, 78.4923248291, 3.15557432175], [-184.407745361, 89.4300765991, -137.257125854, -8.37642669678, -40.9317474365, -40.8642044067, -15.9597730637, 26.1187648773, -14.2230453491, 21.3900642395, -2.62893390656, 3.15557432175, 127.835441589]],
        "icov": [[0.000169376697158, -5.93977383687e-005, 0.000153036016854, -0.000180939823622, -6.64874751237e-005, -0.000363981089322, 0.000325706670992, -0.00044163397979, 0.000348456291249, -0.000212179686059, 0.000558056868613, -0.000239699191297, 0.000523266440723], [-5.93977383687e-005, 0.000884411856532, -0.000115790659038, 7.19829913578e-005, -0.000574063451495, 0.000605634879321, -0.000893844407983, 0.000630532100331, -0.00041014625458, 0.000223947397899, -0.000897385238204, 0.00144934398122, -0.00119196926244], [0.000153036016854, -0.000115790659038, 0.0011719345348, -0.000202090915991, -0.0004687270266, -0.000762550800573, 0.000474868691526, -0.000508160796016, -0.000527869502548, 2.87648126687e-005, 0.000491214334033, -0.000892344862223, 0.00128468498588], [-0.000180939823622, 7.19829913578e-005, -0.000202090915991, 0.00263740867376, -3.47762397723e-005, -0.000172452273546, -0.000235125960899, -0.000540487701073, -0.00112432078458, 0.000666084699333, 0.000107872081571, 0.000143339668284, -0.000578590435907], [-6.64874751237e-005, -0.000574063451495, -0.0004687270266, -3.47762397723e-005, 0.00349409831688, -0.000345204927726, -0.00119564752094, -0.000770786311477, -0.000599694205448, 0.000513540755492, 0.000368041481124, 0.000637648161501, 0.00065595516935], [-0.000363981089322, 0.000605634879321, -0.000762550800573, -0.000172452273546, -0.000345204927726, 0.00490131368861, -0.00228895386681, 0.00111839512829, 0.000845791015308, -0.000262222136371, -0.0011493449565, 0.000849776726682, -0.000743465323467], [0.000325706670992, -0.000893844407983, 0.000474868691526, -0.000235125960899, -0.00119564752094, -0.00228895386681, 0.00800964981318, -0.0004026935203, 0.0011616217671, -0.000459066592157, -0.00017734595167, -0.00127537979279, 0.00179122795817], [-0.00044163397979, 0.000630532100331, -0.000508160796016, -0.000540487701073, -0.000770786311477, 0.00111839512829, -0.0004026935203, 0.0091784838587, -0.00106107851025, -0.00141571264248, -2.70612272288e-005, 0.000842643436044, -0.00337660592049], [0.000348456291249, -0.00041014625458, -0.000527869502548, -0.00112432078458, -0.000599694205448, 0.000845791015308, 0.0011616217671, -0.00106107851025, 0.00944090075791, -0.000342337967595, 0.000854338810313, -0.00106225709897, 0.00174078613054], [-0.000212179686059, 0.000223947397899, 2.87648126687e-005, 0.000666084699333, 0.000513540755492, -0.000262222136371, -0.000459066592157, -0.00141571264248, -0.000342337967595, 0.00965611729771, -0.00100571883377, 0.000173587555764, -0.00175443314947], [0.000558056868613, -0.000897385238204, 0.000491214334033, 0.000107872081571, 0.000368041481124, -0.0011493449565, -0.00017734595167, -2.70612272288e-005, 0.000854338810313, -0.00100571883377, 0.0105377547443, -0.00236457120627, 0.00223953346722], [-0.000239699191297, 0.00144934398122, -0.000892344862223, 0.000143339668284, 0.000637648161501, 0.000849776726682, -0.00127537979279, 0.000842643436044, -0.00106225709897, 0.000173587555764, -0.00236457120627, 0.0164604727179, -0.00276617775671], [0.000523266440723, -0.00119196926244, 0.00128468498588, -0.000578590435907, 0.00065595516935, -0.000743465323467, 0.00179122795817, -0.00337660592049, 0.00174078613054, -0.00175443314947, 0.00223953346722, -0.00276617775671, 0.012240187265]]
    },
    "melbands": {
        "dmean": [0.0042042885907, 0.00456187780946, 0.00075561599806, 0.000298616330838, 0.000279506726656, 0.000374877126887, 0.00025382527383, 0.000160197130754, 0.00017100693367, 0.000163808290381, 0.000126895989524, 7.95726737124e-005, 8.90976079972e-005, 9.06910281628e-005, 4.55229856016e-005, 3.35835466103e-005, 3.73151706299e-005, 3.56239870598e-005, 1.6084220988e-005, 1.16886149044e-005, 1.4406664377e-005, 6.09203289059e-006, 3.76131310986e-006, 3.87837280869e-006, 4.84852034788e-006, 4.14272926719e-006, 2.36211258198e-006, 2.17948718273e-006, 2.16473267756e-006, 1.80871552402e-006, 1.4152140011e-006, 1.07813104933e-006, 8.18545288439e-007, 8.55674443301e-007, 8.52157995723e-007, 7.75349349169e-007, 8.2973173221e-007, 1.02378373867e-006, 1.08353469841e-006, 9.57256133916e-007],
        "dmean2": [0.00595796946436, 0.00764821702614, 0.00124930415768, 0.000515641877428, 0.000426300335675, 0.000575763115194, 0.000410130131058, 0.000221041351324, 0.000240323002799, 0.000238282242208, 0.000185997545486, 0.000117194627819, 0.000133292167448, 0.000134757734486, 7.03937112121e-005, 5.18214437761e-005, 5.96896315983e-005, 5.84130066272e-005, 2.48970627581e-005, 1.82454659807e-005, 2.25830881391e-005, 9.86513350654e-006, 6.0448342083e-006, 6.35392643744e-006, 8.08438471722e-006, 6.84161886966e-006, 3.8675466385e-006, 3.62706828128e-006, 3.51167250301e-006, 2.96543089462e-006, 2.30735395235e-006, 1.73239516243e-006, 1.3029037973e-006, 1.40080942401e-006, 1.3995199879e-006, 1.24545704239e-006, 1.34849176447e-006, 1.63742038239e-006, 1.76267030838e-006, 1.54116719386e-006],
        "dvar": [6.26205146546e-005, 0.000125593680423, 2.56429143519e-006, 6.65684240175e-007, 2.33425325291e-007, 3.59767710734e-007, 1.4536114179e-007, 4.93125220657e-008, 7.05181193439e-008, 8.02146686851e-008, 6.87938168653e-008, 2.7077261322e-008, 4.25127630876e-008, 5.47970273601e-008, 1.7321429624e-008, 8.11521694288e-009, 5.58777157877e-009, 4.98358021517e-009, 1.1132211819e-009, 5.82429715568e-010, 8.80157946526e-010, 1.52110685159e-010, 5.36264366247e-011, 5.29060337207e-011, 9.20377940528e-011, 5.54696392985e-011, 1.66425987574e-011, 1.55942619928e-011, 1.24419155534e-011, 1.03654472158e-011, 6.66185422799e-012, 4.60285455584e-012, 2.27650060261e-012, 3.1492143962e-012, 3.00753063946e-012, 2.64174402839e-012, 3.28448357921e-012, 5.52001933746e-012, 8.44129193628e-012, 4.71807185334e-012],
        "dvar2": [0.000122963843751, 0.000347752938978, 6.87772217134e-006, 1.90662763089e-006, 5.42771488199e-007, 8.77274942468e-007, 4.0055724071e-007, 9.87540786923e-008, 1.5409965215e-007, 1.61738526572e-007, 1.45174894328e-007, 5.79247192434e-008, 9.40415247896e-008, 1.17351660833e-007, 3.86971521493e-008, 1.86607476138e-008, 1.44635619037e-008, 1.40470461929e-008, 2.57095611467e-009, 1.35970901205e-009, 2.13037765207e-009, 3.78147874125e-010, 1.34526917384e-010, 1.34782379702e-010, 2.50129528201e-010, 1.50200865634e-010, 4.30799527995e-011, 4.18807280522e-011, 3.17957361828e-011, 2.71595298335e-011, 1.68595276628e-011, 1.15052837049e-011, 5.50163213597e-012, 7.6130204571e-012, 7.00282627025e-012, 6.09776465432e-012, 8.21952228502e-012, 1.24587666572e-011, 1.93201826065e-011, 1.11417611248e-011],
        "max": [0.0833227857947, 0.0943555980921, 0.0278967171907, 0.0131512954831, 0.0085358414799, 0.00966164469719, 0.00688731949776, 0.003003772581, 0.00574018806219, 0.00519598275423, 0.00496481545269, 0.0033256970346, 0.00622265180573, 0.0067336037755, 0.00435507530347, 0.00273650023155, 0.00151644623838, 0.00108077691402, 0.000616125296801, 0.000451100670034, 0.000711219268851, 0.000250180863077, 0.000199874630198, 0.00018603602075, 0.000255340128206, 0.000173154447111, 0.000100404897239, 0.000137576746056, 6.27026893198e-005, 4.76838104078e-005, 3.85646380892e-005, 3.49800066033e-005, 1.96733362827e-005, 2.54075202974e-005, 2.80592812487e-005, 3.99802520406e-005, 3.33071729983e-005, 4.65161683678e-005, 7.20351017662e-005, 5.32512021891e-005],
        "mean": [0.00714050745592, 0.00618753163144, 0.00142263399903, 0.000402575300541, 0.000532685546204, 0.000772420025896, 0.000497372820973, 0.000309051480144, 0.000346140441252, 0.000333281757776, 0.000245911651291, 0.000154753986862, 0.000174798988155, 0.000168661936186, 8.06155949249e-005, 6.07111142017e-005, 6.98905132595e-005, 6.99434458511e-005, 2.78886873275e-005, 2.09332119994e-005, 2.61281420535e-005, 9.96182734525e-006, 6.62441198074e-006, 7.03457089912e-006, 8.85230656422e-006, 7.68509107729e-006, 4.50309198641e-006, 4.1557818804e-006, 4.12272765971e-006, 3.07356049234e-006, 2.18860691348e-006, 1.66124561929e-006, 1.25645101434e-006, 1.14415456665e-006, 1.15082139018e-006, 1.03701142962e-006, 1.06423703983e-006, 1.24209338992e-006, 1.23193399304e-006, 1.08619781258e-006],
        "median": [0.00324305449612, 0.00287468777969, 0.000719965377357, 0.000218419459998, 0.000299013161566, 0.000458721275209, 0.000305935071083, 0.000174359360244, 0.000186642952031, 0.000146939317347, 7.28687737137e-005, 5.4273110436e-005, 4.98546542076e-005, 3.9978294808e-005, 2.6401507057e-005, 2.21356058319e-005, 2.49386066571e-005, 1.7616117475e-005, 1.06841498564e-005, 8.34540333017e-006, 7.15536771168e-006, 3.73919101548e-006, 2.86187150778e-006, 3.22951586895e-006, 4.41225256509e-006, 3.84020722777e-006, 2.43747808781e-006, 2.11044539355e-006, 2.01354646379e-006, 1.35796290124e-006, 7.95608684712e-007, 4.80582230011e-007, 2.55738569876e-007, 1.13801256418e-007, 9.77314513761e-008, 1.16333971789e-007, 1.53126563873e-007, 1.85091153071e-007, 1.86310671779e-007, 1.87643053096e-007],
        "min": [5.21604849066e-024, 5.24726489997e-024, 1.00007730819e-023, 7.70571322906e-024, 3.92279662795e-024, 6.63727370814e-024, 3.21109203851e-024, 5.64011881406e-024, 4.03154978121e-024, 3.86838415816e-024, 9.60585432438e-024, 4.3267928079e-024, 8.20350891494e-024, 1.62835027225e-023, 9.94066266977e-024, 1.63496423985e-023, 1.03295229755e-023, 1.00527408717e-023, 1.09056225726e-023, 1.84280936686e-023, 7.21204091913e-024, 7.80074966889e-024, 9.89128471027e-024, 7.84663691889e-024, 1.02852947e-023, 9.23227977638e-024, 1.1992825939e-023, 1.59492497352e-023, 1.21856898085e-023, 9.25867269568e-024, 1.01028035625e-023, 1.1689224931e-023, 1.5459747344e-023, 9.20925371542e-024, 6.06104079359e-024, 7.16566299765e-024, 1.00813370796e-023, 1.02910809948e-023, 9.81991646417e-024, 1.03948824681e-023],
        "var": [0.000108359497972, 0.000103594640677, 3.75050603907e-006, 5.20759272149e-007, 5.23027381405e-007, 9.22759227251e-007, 3.34415943826e-007, 1.37834931024e-007, 1.92645657648e-007, 2.35140447558e-007, 1.98215005298e-007, 8.42073717422e-008, 1.40416119621e-007, 1.73664702174e-007, 4.96639209757e-008, 1.80271584327e-008, 1.32460549196e-008, 1.27473258615e-008, 2.33217023471e-009, 1.34803335161e-009, 2.18082818471e-009, 2.9960595116e-010, 1.19803791887e-010, 1.138262401e-010, 1.63309671342e-010, 1.17728951587e-010, 3.57533100348e-011, 3.4688751871e-011, 3.10597762787e-011, 1.82785661607e-011, 1.28493960264e-011, 9.45671839447e-012, 5.52739581536e-012, 5.68540223581e-012, 5.61417362252e-012, 5.01832559882e-012, 5.09916891697e-012, 8.32201321743e-012, 1.07585737194e-011, 6.29460806395e-012]
    },
    "mfcc": {
        "mean": [-660.09942627, 149.402496338, 9.05541706085, 16.0440731049, 1.5009906292, 1.78570199013, 10.9942121506, -4.56948709488, 6.42043161392, 7.05488729477, 5.49058914185, 5.14123678207, 3.39867377281],
        "cov": [[11293.8945313, -437.852722168, -836.019714355, 110.010444641, 335.018585205, 125.108673096, 119.317382813, 95.9004745483, 355.341186523, 237.288787842, -73.5291748047, -237.510574341, -190.394744873], [-437.852722168, 2031.46044922, -69.8735198975, 175.689407349, 101.253860474, 87.6538314819, 252.412033081, -12.2114486694, 63.1507720947, 18.4116706848, 57.7729949951, 62.3373832703, -5.59903144836], [-836.019714355, -69.8735198975, 1073.06433105, 83.5244827271, 209.352401733, 169.135620117, -22.8452911377, 153.149459839, -13.5580654144, 17.5841636658, 89.3948669434, 53.0088996887, 49.8167800903], [110.010444641, 175.689407349, 83.5244827271, 396.647003174, 132.113922119, -8.94683170319, -18.0734920502, 43.0892829895, 83.6054153442, 15.7853422165, 22.1911296844, 21.2901077271, 6.37105083466], [335.018585205, 101.253860474, 209.352401733, 132.113922119, 355.609558105, 78.0210418701, 32.5055885315, 95.5591430664, 72.0645980835, 46.9194068909, 21.0732707977, 22.7296485901, -0.292882800102], [125.108673096, 87.6538314819, 169.135620117, -8.94683170319, 78.0210418701, 299.498626709, 106.977920532, 93.2426223755, -9.88474559784, 38.9296989441, 38.3738594055, -18.0965652466, 18.7008800507], [119.317382813, 252.412033081, -22.8452911377, -18.0734920502, 32.5055885315, 106.977920532, 253.520843506, 40.4006958008, 5.91883850098, 20.8029613495, 11.2806758881, 25.5835361481, -9.34459686279], [95.9004745483, -12.2114486694, 153.149459839, 43.0892829895, 95.5591430664, 93.2426223755, 40.4006958008, 172.316772461, -0.231291860342, 21.2079410553, 14.6688928604, 9.75716304779, 19.6484355927], [355.341186523, 63.1507720947, -13.5580654144, 83.6054153442, 72.0645980835, -9.88474559784, 5.91883850098, -0.231291860342, 183.386627197, 2.70062446594, 3.40316057205, -4.87314558029, -18.3184986115], [237.288787842, 18.4116706848, 17.5841636658, 15.7853422165, 46.9194068909, 38.9296989441, 20.8029613495, 21.2079410553, 2.70062446594, 103.179016113, 23.5193481445, -4.11890745163, 5.2291226387], [-73.5291748047, 57.7729949951, 89.3948669434, 22.1911296844, 21.0732707977, 38.3738594055, 11.2806758881, 14.6688928604, 3.40316057205, 23.5193481445, 95.3898696899, 4.96736192703, 12.5649662018], [-237.510574341, 62.3373832703, 53.0088996887, 21.2901077271, 22.7296485901, -18.0965652466, 25.5835361481, 9.75716304779, -4.87314558029, -4.11890745163, 4.96736192703, 104.503417969, 4.00009775162], [-190.394744873, -5.59903144836, 49.8167800903, 6.37105083466, -0.292882800102, 18.7008800507, -9.34459686279, 19.6484355927, -18.3184986115, 5.2291226387, 12.5649662018, 4.00009775162, 84.9670410156]],
