{
"lowlevel": {
    "average_loudness": 0.945713162422,
    "barkbands_crest": {
        "dmean": 2.76542186737,
        "dmean2": 4.46768522263,
        "dvar": 7.40001392365,
        "dvar2": 19.4243030548,
        "max": 26.8639259338,
        "mean": 12.0688457489,
        "median": 11.4260520935,
        "min": 2.56000471115,
        "var": 22.8015708923
    },
    "barkbands_flatness_db": {
        "dmean": 0.0284741427749,
        "dmean2": 0.0432835407555,
        "dvar": 0.00108909315895,
        "dvar2": 0.00246689957567,
        "max": 0.688514351845,
        "mean": 0.17278970778,
        "median": 0.140366911888,
        "min": 0.0235431585461,
        "var": 0.0122714098543
    },
    "barkbands_kurtosis": {
        "dmean": 18.1810855865,
        "dmean2": 27.0518894196,
        "dvar": 17700.84375,
        "dvar2": 37695.1289063,
        "max": 5456.20996094,
        "mean": 30.1487464905,
        "median": 1.94321393967,
        "min": -1.90022814274,
        "var": 37477.5742188
    },
    "barkbands_skewness": {
        "dmean": 0.896756589413,
        "dmean2": 1.38173162937,
        "dvar": 2.87687563896,
        "dvar2": 6.33907461166,
        "max": 57.2865867615,
        "mean": 2.3575360775,
        "median": 1.64195394516,
        "min": -2.60469269753,
        "var": 11.2674818039
    },
    "barkbands_spread": {
        "dmean": 6.01074361801,
        "dmean2": 9.44731712341,
        "dvar": 59.3366546631,
        "dvar2": 136.65411377,
        "max": 105.367126465,
        "mean": 24.3311233521,
        "median": 22.9715690613,
        "min": 0.0220942571759,
        "var": 273.902832031
    },
    "dissonance": {
        "dmean": 0.0156148094684,
        "dmean2": 0.0259996131063,
        "dvar": 0.000339157384587,
        "dvar2": 0.000913588970434,
        "max": 0.500000059605,
        "mean": 0.470726281404,
        "median": 0.479503750801,
        "min": 0.222811579704,
        "var": 0.000766424986068
    },
    "dynamic_complexity": 2.24249482155,
    "erbbands_crest": {
        "dmean": 2.5329811573,
        "dmean2": 4.07327461243,
        "dvar": 6.25947093964,
        "dvar2": 15.241402626,
        "max": 30.7019233704,
        "mean": 9.15978908539,
        "median": 7.81212329865,
        "min": 2.29343605042,
        "var": 24.039068222
    },
    "erbbands_flatness_db": {
        "dmean": 0.0177899003029,
        "dmean2": 0.0249074064195,
        "dvar": 0.000441723765107,
        "dvar2": 0.000745531811845,
        "max": 0.417942881584,
        "mean": 0.15363612771,
        "median": 0.137509912252,
        "min": 0.0424501076341,
        "var": 0.00366714061238
    },
    "erbbands_kurtosis": {
        "dmean": 1.98339879513,
        "dmean2": 2.90955471992,
        "dvar": 33.1624984741,
        "dvar2": 67.2914352417,
        "max": 156.00340271,
        "mean": 3.37167978287,
        "median": 0.108046911657,
        "min": -1.84134411812,
        "var": 176.474182129
    },
    "erbbands_skewness": {
        "dmean": 0.407752841711,
        "dmean2": 0.606570839882,
        "dvar": 0.253864198923,
        "dvar2": 0.517470300198,
        "max": 10.8435192108,
        "mean": 0.130616337061,
        "median": -0.194421321154,
        "min": -3.29728960991,
        "var": 2.76727366447
    },
    "erbbands_spread": {
        "dmean": 9.16712474823,
        "dmean2": 14.0152845383,
        "dvar": 110.428237915,
        "dvar2": 241.885772705,
        "max": 153.175094604,
        "mean": 40.8560752869,
        "median": 39.5459518433,
        "min": 1.27373492718,
        "var": 461.610992432
    },
    "hfc": {
        "dmean": 6.92252445221,
        "dmean2": 10.7676353455,
        "dvar": 104.267868042,
        "dvar2": 227.65435791,
        "max": 194.151138306,
        "mean": 26.7493019104,
        "median": 23.1002693176,
        "min": 1.07504343022e-016,
        "var": 450.870330811
    },
    "melbands_crest": {
        "dmean": 3.00070476532,
        "dmean2": 4.88548564911,
        "dvar": 8.18766403198,
        "dvar2": 21.7528915405,
        "max": 32.2129898071,
        "mean": 16.8503856659,
        "median": 16.7616767883,
        "min": 1.63101756573,
        "var": 24.8964271545
    },
    "melbands_flatness_db": {
        "dmean": 0.0338952839375,
        "dmean2": 0.0515437461436,
        "dvar": 0.00150917819701,
        "dvar2": 0.0034666468855,
        "max": 0.835325658321,
        "mean": 0.248528793454,
        "median": 0.215029865503,
        "min": 0.00320512708277,
        "var": 0.0173328146338
    },
    "melbands_kurtosis": {
        "dmean": 14.8970870972,
        "dmean2": 24.2549133301,
        "dvar": 932.257995605,
        "dvar2": 2444.17211914,
        "max": 571.726867676,
        "mean": 28.0770454407,
        "median": 12.3243350983,
        "min": -1.80291056633,
        "var": 2186.14501953
    },
    "melbands_skewness": {
        "dmean": 1.05918347836,
        "dmean2": 1.67294549942,
        "dvar": 1.68889331818,
        "dvar2": 4.27349758148,
        "max": 17.7413311005,
        "mean": 3.54902553558,
        "median": 3.07338404655,
        "min": -1.52788257599,
        "var": 5.5543179512
    },
    "melbands_spread": {
        "dmean": 7.45553541183,
        "dmean2": 11.6749639511,
        "dvar": 104.046791077,
        "dvar2": 230.528213501,
        "max": 210.001312256,
        "mean": 23.1661701202,
        "median": 18.8142242432,
        "min": 0.238191261888,
        "var": 453.869171143
    },
    "pitch_salience": {
        "dmean": 0.0797512754798,
        "dmean2": 0.130666360259,
        "dvar": 0.0066654519178,
        "dvar2": 0.0185977108777,
        "max": 0.988152980804,
        "mean": 0.438157737255,
        "median": 0.442993611097,
        "min": 0.0278660133481,
        "var": 0.0196908768266
    },
    "silence_rate_20dB": {
        "dmean": 0,
        "dmean2": 0,
        "dvar": 0,
        "dvar2": 0,
        "max": 1,
        "mean": 1,
        "median": 1,
        "min": 1,
        "var": 0
    },
    "silence_rate_30dB": {
        "dmean": 0.00338667351753,
        "dmean2": 0.0067739202641,
        "dvar": 0.00337518029846,
        "dvar2": 0.00977619923651,
        "max": 1,
        "mean": 0.99813747406,
        "median": 1,
        "min": 0,
        "var": 0.00185930356383
    },
    "silence_rate_60dB": {
        "dmean": 0.0081280162558,
        "dmean2": 0.0162574090064,
        "dvar": 0.00806440226734,
        "dvar2": 0.0164965111762,
        "max": 1,
        "mean": 0.0346258059144,
        "median": 0,
        "min": 0,
        "var": 0.0334188081324
    },
    "spectral_centroid": {
        "dmean": 269.326477051,
        "dmean2": 423.688140869,
        "dvar": 103547.914063,
        "dvar2": 239881.25,
        "max": 11531.7890625,
        "mean": 1545.14733887,
        "median": 1429.07641602,
        "min": 76.248046875,
        "var": 1331906.375
    },
    "spectral_complexity": {
        "dmean": 4.25450849533,
        "dmean2": 6.80203199387,
        "dvar": 22.6755905151,
        "dvar2": 55.573551178,
        "max": 60,
        "mean": 23.4232139587,
        "median": 22,
        "min": 0,
        "var": 198.841934204
    },
    "spectral_decrease": {
        "dmean": 3.08979375419e-009,
        "dmean2": 5.01480279524e-009,
        "dvar": 1.49052089943e-017,
        "dvar2": 4.12624589455e-017,
        "max": 5.71864388851e-019,
        "mean": -1.04435651238e-008,
        "median": -1.03632391557e-008,
        "min": -4.64448852711e-008,
        "var": 2.9819950418e-017
    },
    "spectral_energy": {
        "dmean": 0.0118511114269,
        "dmean2": 0.0192432198673,
        "dvar": 0.000215300751734,
        "dvar2": 0.000597431266215,
        "max": 0.177524626255,
        "mean": 0.0418427623808,
        "median": 0.0421442128718,
        "min": 1.00665788362e-020,
        "var": 0.000447593163699
    },
    "spectral_energyband_high": {
        "dmean": 0.000509181059897,
        "dmean2": 0.000760907772928,
        "dvar": 1.10636142381e-006,
        "dvar2": 2.02105115932e-006,
        "max": 0.0277886968106,
        "mean": 0.00134646263905,
        "median": 0.00072605011519,
        "min": 7.02362531631e-021,
        "var": 4.12313875131e-006
    },
    "spectral_energyband_low": {
        "dmean": 0.0104348473251,
        "dmean2": 0.016648741439,
        "dvar": 0.00020233890973,
        "dvar2": 0.000558325904422,
        "max": 0.171166732907,
        "mean": 0.025251859799,
        "median": 0.0221554003656,
        "min": 8.12200853938e-024,
        "var": 0.00036990395165
    },
    "spectral_energyband_middle_high": {
        "dmean": 0.0023499596864,
        "dmean2": 0.00369956227951,
        "dvar": 9.62326248555e-006,
        "dvar2": 2.36261785176e-005,
        "max": 0.0455923229456,
        "mean": 0.00736235873774,
        "median": 0.00546810450032,
        "min": 1.27955440064e-021,
        "var": 4.76257373521e-005
    },
    "spectral_energyband_middle_low": {
        "dmean": 0.00441166153178,
        "dmean2": 0.00735229626298,
        "dvar": 7.22979966667e-005,
        "dvar2": 0.00019258633256,
        "max": 0.10956068337,
        "mean": 0.00981826893985,
        "median": 0.00745985237882,
        "min": 1.62034251365e-022,
        "var": 9.21729078982e-005
    },
    "spectral_entropy": {
        "dmean": 0.185702562332,
        "dmean2": 0.271180272102,
        "dvar": 0.0693283975124,
        "dvar2": 0.128078058362,
        "max": 9.81849098206,
        "mean": 7.48398923874,
        "median": 7.7303109169,
        "min": 3.88319516182,
        "var": 0.648303806782
    },
    "spectral_flux": {
        "dmean": 0.0280266236514,
        "dmean2": 0.0451681651175,
        "dvar": 0.000997465336695,
        "dvar2": 0.00217356299981,
        "max": 0.339693814516,
        "mean": 0.095172278583,
        "median": 0.0885948836803,
        "min": 6.33133961925e-011,
        "var": 0.00252881459892
    },
    "spectral_kurtosis": {
        "dmean": 2.2750453949,
        "dmean2": 3.67221641541,
        "dvar": 27.3874588013,
        "dvar2": 63.8033218384,
        "max": 122.731590271,
        "mean": 5.92647886276,
        "median": 3.435297966,
        "min": -1.2823060751,
        "var": 89.8793487549
    },
    "spectral_rms": {
        "dmean": 0.00087285740301,
        "dmean2": 0.00139206671156,
        "dvar": 8.68712334068e-007,
        "dvar2": 2.35836910178e-006,
        "max": 0.0131603479385,
        "mean": 0.00611815415323,
        "median": 0.00641219969839,
        "min": 3.13385580507e-012,
        "var": 3.39038183483e-006
    },
    "spectral_rolloff": {
        "dmean": 465.144317627,
        "dmean2": 768.978820801,
        "dvar": 746282.4375,
        "dvar2": 1624081.375,
        "max": 19444.4824219,
        "mean": 1416.8223877,
        "median": 1033.59375,
        "min": 86.1328125,
        "var": 4152276.25
    },
    "spectral_skewness": {
        "dmean": 0.257993340492,
        "dmean2": 0.398380041122,
        "dvar": 0.162963688374,
        "dvar2": 0.349177658558,
        "max": 8.71890258789,
        "mean": 1.54166829586,
        "median": 1.28025281429,
        "min": -0.0692961812019,
        "var": 0.925065279007
    },
    "spectral_spread": {
        "dmean": 511280.84375,
        "dmean2": 706052.75,
        "dvar": 611823124480,
        "dvar2": 1.13514237133e+012,
        "max": 43646196,
        "mean": 4571068.5,
        "median": 4255590,
        "min": 716702.375,
        "var": 1.16305113907e+013
    },
    "spectral_strongpeak": {
        "dmean": 0.482905775309,
        "dmean2": 0.865074694157,
        "dvar": 1.26834416389,
        "dvar2": 3.22272872925,
        "max": 16.3978042603,
        "mean": 0.764701426029,
        "median": 0.456187814474,
        "min": 0,
        "var": 1.44096076488
    },
    "zerocrossingrate": {
        "dmean": 0.00942914839834,
        "dmean2": 0.0114571209997,
        "dvar": 0.000174881817657,
        "dvar2": 0.000220754824113,
        "max": 0.52197265625,
        "mean": 0.0544077679515,
        "median": 0.04736328125,
        "min": 0.0029296875,
        "var": 0.00272483332083
    },
    "barkbands": {
        "dmean": [3.65072410204e-005, 0.00704793725163, 0.00501325586811, 0.0017984486185, 0.00241554062814, 0.000742764212191, 0.000490667007398, 0.000282205146505, 0.000509608129505, 0.000422506796895, 0.000323918240611, 0.000716532580554, 0.000460298644612, 0.000673305999953, 0.000392582122004, 0.00035584915895, 0.000263656984316, 0.000247956922976, 0.000315609271638, 0.000226918273256, 0.000168998012668, 0.00012101737957, 8.33176891319e-005, 6.75895644235e-005, 5.59821492061e-005, 3.01452564599e-005, 2.90882530862e-006],
        "dmean2": [5.93710101384e-005, 0.010986180976, 0.00840563606471, 0.00299582350999, 0.00412494735792, 0.00118966971058, 0.00083852634998, 0.000472502462799, 0.00081178615801, 0.000681391567923, 0.000517606153153, 0.00112475198694, 0.000740383635275, 0.00108491349965, 0.000641767983325, 0.000573964149226, 0.000424794357968, 0.000410859822296, 0.000512037891895, 0.000366200110875, 0.000268173404038, 0.000197782399482, 0.000124539699755, 0.000100089229818, 7.8891585872e-005, 4.27090308222e-005, 4.56713041785e-006],
        "dvar": [6.01592065053e-009, 0.000109811779112, 5.72821263631e-005, 9.02945339476e-006, 3.9065231249e-005, 1.72139823462e-006, 1.20337381304e-006, 4.51133814749e-007, 1.05156789232e-006, 1.09170491669e-006, 6.17150760718e-007, 2.5092388114e-006, 1.19233413898e-006, 2.43211457018e-006, 7.37328434752e-007, 1.01712987544e-006, 3.60997290727e-007, 2.27768296668e-007, 3.18642094044e-007, 1.99907574938e-007, 9.60889039447e-008, 4.7744638465e-008, 7.70083232737e-008, 9.51093284129e-008, 5.29740660227e-008, 1.33141311309e-008, 7.20334833448e-011],
        "dvar2": [1.47480703205e-008, 0.000292035081657, 0.000166285739397, 2.37215735979e-005, 0.000106643972686, 4.08021196563e-006, 3.27796851707e-006, 1.1132885902e-006, 2.35320317188e-006, 2.57925262304e-006, 1.41807731779e-006, 5.74233899897e-006, 2.78302400147e-006, 5.82223128731e-006, 1.76678440766e-006, 2.33521450355e-006, 8.66710081482e-007, 5.50592460513e-007, 7.67495293985e-007, 5.06923242938e-007, 2.3441474184e-007, 1.20502363643e-007, 1.35242444799e-007, 1.90232057662e-007, 9.60769668268e-008, 2.59482035858e-008, 1.51157253381e-010],
        "max": [0.00189630908426, 0.137360215187, 0.0842674970627, 0.0463113114238, 0.0771210566163, 0.0277964752167, 0.0207367409021, 0.0188775770366, 0.0278180073947, 0.0324368365109, 0.0201717242599, 0.0298029836267, 0.0250892452896, 0.0319737456739, 0.0179047696292, 0.0391155034304, 0.0200082994998, 0.0144685953856, 0.0140626933426, 0.0183732658625, 0.00872493442148, 0.00547891482711, 0.00825301744044, 0.00977086741477, 0.00629596645012, 0.00483455695212, 0.00039306312101],
        "mean": [4.49928011221e-005, 0.0157433748245, 0.00762897590175, 0.00275748292916, 0.00359755568206, 0.00130246998742, 0.00071030278923, 0.000407321902458, 0.000894263444934, 0.000717761111446, 0.000527439231519, 0.00124852103181, 0.000691872206517, 0.00113533227704, 0.000635713804513, 0.000616424600594, 0.000487805053126, 0.000454150809674, 0.000656191259623, 0.000505651289131, 0.000394433474867, 0.000252562167589, 0.00016269578191, 0.000119979609735, 9.68754393398e-005, 4.87435609102e-005, 3.80994947591e-006],
        "median": [1.13018177217e-005, 0.0128154251724, 0.00502191111445, 0.00145484087989, 0.00165877514519, 0.000624107487965, 0.000274994643405, 0.000135947193485, 0.000375679286662, 0.000193450265215, 0.000132485671202, 0.000322825624608, 0.000240729073994, 0.000283346133074, 0.000299334351439, 0.000270318560069, 0.00024905661121, 0.000238406035351, 0.000368609966245, 0.000257133273408, 0.00021589321841, 0.000124274578411, 4.25397010986e-005, 3.75494128093e-005, 3.23003187077e-005, 1.56559653988e-005, 9.39843289416e-007],
        "min": [9.33687632292e-026, 3.23315292815e-024, 1.71880524461e-024, 1.09816882882e-024, 1.25973024405e-023, 1.05837286691e-023, 7.83031380904e-024, 3.96840935436e-024, 1.21049443729e-023, 1.82500114746e-023, 1.47815446911e-023, 2.16762410676e-023, 2.76808641069e-023, 3.95076340365e-023, 4.99405656327e-023, 6.64378969921e-023, 7.88723075444e-023, 1.00831576128e-022, 9.96755478026e-023, 1.72760487756e-022, 2.57355154442e-022, 2.83169687243e-022, 3.76787029418e-022, 5.47276506535e-022, 8.97464408407e-022, 1.26779625846e-021, 2.03984334448e-021],
        "var": [8.45406145089e-009, 0.000223789582378, 7.02333491063e-005, 1.38104260259e-005, 3.71995374735e-005, 3.85381144952e-006, 1.86309773653e-006, 8.4026788727e-007, 2.61007130575e-006, 3.52822235072e-006, 1.71716317254e-006, 6.76282934364e-006, 2.68148460236e-006, 5.81778067499e-006, 1.44168814131e-006, 1.98166981136e-006, 7.53218898808e-007, 4.63364159486e-007, 7.71396230448e-007, 5.48356922536e-007, 2.89158435862e-007, 1.3174710034e-007, 2.21299927716e-007, 1.58405711659e-007, 1.00084513122e-007, 2.0754278296e-008, 1.06662491339e-010]
    },
    "erbbands": {
        "dmean": [0.108411900699, 1.92465400696, 5.49789571762, 6.00109148026, 8.17521858215, 6.66841506958, 6.66276407242, 6.14878129959, 7.45759534836, 5.86365842819, 6.72065448761, 10.6545219421, 13.7623519897, 10.2422609329, 17.4213447571, 23.0577526093, 20.8611125946, 22.9986743927, 26.5584526062, 21.4370059967, 17.1004657745, 13.8195924759, 13.0875730515, 14.9848203659, 13.472026825, 10.5384483337, 8.94110298157, 5.48952770233, 4.5272192955, 2.98213529587, 2.41200757027, 1.67544329166, 1.01746273041, 0.575196504593, 0.459354668856, 0.180757761002, 0.0482873059809, 0.0085759954527, 0.000358297402272, 1.9096165488e-005],
        "dmean2": [0.162307932973, 3.01381134987, 9.11838436127, 10.0257749557, 14.2988710403, 11.3379259109, 10.5255393982, 9.94615936279, 12.5352268219, 10.2339286804, 11.0856313705, 17.1012077332, 21.8802757263, 16.5330715179, 27.5127506256, 36.2461776733, 33.2628822327, 36.2644538879, 43.0865859985, 34.2063407898, 27.5526199341, 22.0514621735, 21.4099826813, 24.479839325, 21.9797172546, 17.0710735321, 14.2288179398, 8.96761989594, 7.36967897415, 4.69627428055, 3.58452558517, 2.48306417465, 1.54296565056, 0.831227242947, 0.670047879219, 0.260679870844, 0.0684953927994, 0.0124089885503, 0.000561002816539, 3.0048937333e-005],
        "dvar": [0.0315248928964, 8.40727138519, 72.8096466064, 78.6610870361, 490.486358643, 259.335144043, 126.078910828, 153.853805542, 247.7603302, 240.198791504, 196.204284668, 568.652099609, 912.50201416, 365.686126709, 1312.19018555, 2320.44189453, 2637.55761719, 2424.31762695, 3654.26733398, 2890.62866211, 2032.95092773, 892.134094238, 633.765075684, 709.450500488, 539.718505859, 465.868896484, 294.035400391, 100.118034363, 62.8887748718, 48.9065284729, 74.0799789429, 53.0164146423, 24.7176437378, 5.22772550583, 5.02865219116, 0.60566675663, 0.0285680256784, 0.000593110686168, 1.90983314496e-006, 1.57081736507e-009],
        "dvar2": [0.0679688155651, 22.925989151, 207.90637207, 219.051864624, 1342.62866211, 701.315368652, 302.202575684, 368.347076416, 657.139648438, 659.545227051, 471.818115234, 1254.15197754, 2146.57080078, 864.558166504, 2996.6015625, 5327.56884766, 5966.00732422, 5545.20800781, 8740.24121094, 6402.30664063, 4706.52441406, 2062.86767578, 1500.22167969, 1721.78808594, 1317.87133789, 1186.91882324, 704.86920166, 253.090637207, 160.128707886, 103.907119751, 130.070068359, 100.427337646, 53.4947624207, 9.59878253937, 10.1873245239, 1.18945276737, 0.0565707273781, 0.00125652295537, 4.25612824984e-006, 3.77765907444e-009],
        "max": [2.38007497787, 37.3420524597, 84.8701248169, 167.35824585, 273.512115479, 205.016281128, 237.558486938, 339.092254639, 388.322601318, 309.561126709, 393.742126465, 839.530883789, 1084.5222168, 569.879150391, 749.932739258, 1226.37890625, 1288.40856934, 1100.03991699, 1277.7142334, 1979.078125, 1628.12548828, 760.163635254, 642.593688965, 848.304199219, 635.346557617, 954.540405273, 496.682952881, 234.207229614, 231.241424561, 221.63861084, 263.807678223, 202.019699097, 177.214263916, 71.2320861816, 82.3879776001, 31.3695774078, 6.44015455246, 0.997106969357, 0.079289548099, 0.00244965148158],
        "mean": [0.301354676485, 4.09354352951, 9.18343544006, 9.93058872223, 10.224354744, 10.1515016556, 13.2859659195, 10.511674881, 11.8343725204, 7.7276558876, 10.8849020004, 18.8776950836, 24.5942649841, 17.871925354, 31.6984577179, 42.2146720886, 35.215171814, 41.3408203125, 46.9869613647, 38.6785583496, 31.9204311371, 27.5031661987, 25.5418109894, 30.5374240875, 29.9395084381, 23.648815155, 19.9586448669, 12.6350240707, 9.60158061981, 6.05066680908, 4.58049440384, 2.97883081436, 1.76573741436, 1.05059063435, 0.715054512024, 0.276479303837, 0.0781324133277, 0.0139114735648, 0.00047444057418, 6.24659805908e-005],
        "median": [0.228006601334, 3.27281856537, 6.22817707062, 6.31559562683, 4.15268516541, 4.6082649231, 5.90559196472, 5.16934680939, 4.84514427185, 3.21899390221, 4.83286952972, 8.16154670715, 8.91904258728, 8.2585735321, 10.4111642838, 14.35272789, 13.045050621, 12.7244272232, 18.7593765259, 18.3815841675, 15.5948066711, 14.6073856354, 13.8263530731, 17.4121704102, 17.0668067932, 12.5790710449, 10.9405593872, 6.68188667297, 4.90069770813, 2.07055187225, 1.20534658432, 0.870266318321, 0.555813789368, 0.376034766436, 0.206947609782, 0.0861961022019, 0.0246394313872, 0.00445448933169, 0.000138233124744, 5.91523021285e-005],
        "min": [1.13548171692e-022, 4.80533572808e-022, 1.65275543247e-021, 5.86416366676e-021, 1.62782973008e-020, 2.76419850026e-020, 8.56820238735e-020, 1.22752995442e-019, 1.26910004535e-019, 1.73272469742e-019, 2.03835449208e-019, 3.55284826439e-019, 6.93365330114e-019, 6.84975133763e-019, 9.80959175293e-019, 1.15349633317e-018, 1.33277439265e-018, 2.51862868722e-018, 3.41879351317e-018, 3.5371727782e-018, 3.36022664426e-018, 4.7358761862e-018, 4.49566955376e-018, 7.01113654989e-018, 7.38700328433e-018, 8.2438995332e-018, 9.73243255219e-018, 8.22858014826e-018, 9.92436657844e-018, 1.06133567435e-017, 1.1719157429e-017, 1.20844230167e-017, 9.51613971126e-018, 7.38026424388e-018, 6.60024781549e-018, 4.0339344407e-018, 2.42682466732e-018, 7.99469700141e-019, 2.59752341628e-019, 2.71795587284e-020],
        "var": [0.0925697237253, 15.1508989334, 92.1446304321, 125.668739319, 432.301971436, 303.084625244, 451.051757813, 311.647277832, 490.330566406, 282.449676514, 385.773590088, 1387.11975098, 2781.89770508, 963.919677734, 3793.60424805, 6269.04638672, 6376.90478516, 5945.52441406, 8211.55859375, 6771.5, 3951.92407227, 2083.4609375, 1430.07385254, 1599.44104004, 1492.51953125, 1195.47937012, 838.359741211, 291.37902832, 177.350463867, 148.986465454, 200.274185181, 99.4678115845, 36.1017913818, 10.103518486, 7.50985145569, 0.8977663517, 0.0452900491655, 0.00100102601573, 2.25390135711e-006, 2.32373453812e-009]
    },
    "gfcc": {
        "mean": [-2.71086239815, 95.4421768188, -105.194419861, 50.7994880676, -33.73985672, 18.4657268524, -25.781085968, 7.29843139648, -25.9358863831, 4.90030384064, -17.3549461365, -1.06336474419, -10.1241588593],
        "cov": [[21372.7851563, -2064.13964844, -2861.65332031, 211.839935303, -1954.6932373, 612.724609375, -882.018798828, 586.169067383, -600.99786377, 489.048461914, -472.177215576, 443.496704102, -365.535003662], [-2064.13964844, 1703.21728516, 110.033599854, 53.8397407532, 492.616638184, -271.554168701, 265.050231934, -264.967346191, 148.590744019, -175.246780396, 175.138595581, -167.941970825, 186.718460083], [-2861.65332031, 110.033599854, 1113.01501465, 4.53736448288, 256.210845947, 1.55564296246, 46.2346801758, 0.248433992267, 55.7989997864, -27.5522861481, 61.1350440979, -3.27699255943, 2.80774044991], [211.839935303, 53.8397407532, 4.53736448288, 494.489746094, 46.6745414734, -199.829818726, 63.0110397339, 4.52112865448, 106.385665894, 3.17807912827, 5.27884626389, -14.4278907776, 41.3527259827], [-1954.6932373, 492.616638184, 256.210845947, 46.6745414734, 480.18536377, -33.9006652832, 167.942169189, -94.4446716309, 88.556930542, -43.8834228516, 76.4511032104, -63.2261009216, 71.0220718384], [612.724609375, -271.554168701, 1.55564296246, -199.829818726, -33.9006652832, 327.673492432, -25.0073928833, 63.0917053223, -68.7047119141, 33.2576637268, -1.54279017448, 29.1707305908, -64.5018920898], [-882.018798828, 265.050231934, 46.2346801758, 63.0110397339, 167.942169189, -25.0073928833, 215.735717773, -1.6162596941, 76.1049041748, -16.1502399445, 45.4606513977, -30.2798194885, 54.3048171997], [586.169067383, -264.967346191, 0.248433992267, 4.52112865448, -94.4446716309, 63.0917053223, -1.6162596941, 172.357574463, 22.6806335449, 41.0909233093, -36.5339736938, 36.9555091858, -13.0247058868], [-600.99786377, 148.590744019, 55.7989997864, 106.385665894, 88.556930542, -68.7047119141, 76.1049041748, 22.6806335449, 136.950317383, 10.5283517838, 39.1910667419, -18.5615997314, 45.5223731995], [489.048461914, -175.246780396, -27.5522861481, 3.17807912827, -43.8834228516, 33.2576637268, -16.1502399445, 41.0909233093, 10.5283517838, 112.929008484, 23.4794425964, 39.9355964661, -10.7484407425], [-472.177215576, 175.138595581, 61.1350440979, 5.27884626389, 76.4511032104, -1.54279017448, 45.4606513977, -36.5339736938, 39.1910667419, 23.4794425964, 116.915641785, 19.8024902344, 30.0744171143], [443.496704102, -167.941970825, -3.27699255943, -14.4278907776, -63.2261009216, 29.1707305908, -30.2798194885, 36.9555091858, -18.5615997314, 39.9355964661, 19.8024902344, 91.9695281982, 7.83195924759], [-365.535003662, 186.718460083, 2.80774044991, 41.3527259827, 71.0220718384, -64.5018920898, 54.3048171997, -13.0247058868, 45.5223731995, -10.7484407425, 30.0744171143, 7.83195924759, 91.8630905151]],
        "icov": [[0.000264292495558, -0.000537100771908, 0.000481215422042, -0.000688648142386, 0.000504700583406, -0.000734378874768, 0.000593666278291, -0.000556427112315, 0.000675660150591, -0.00100044230931, 0.000943170511164, -0.00101602682844, 0.000428926548921], [-0.000537100771908, 0.00303539354354, -0.000829122378491, 0.00192529323976, -0.00160280044656, 0.00239999755286, -0.00175760942511, 0.00189288589172, -0.00143440836109, 0.00370291224681, -0.00433128187433, 0.00447109434754, -0.00273559475318], [0.000481215422042, -0.000829122378491, 0.00201383698732, -0.00114487193059, 2.41779453063e-005, -0.00107548327651, 0.00141236744821, -0.00154701247811, 0.00104053015821, -0.00117818347644, 0.00100076047238, -0.00211324240081, 0.00142483413219], [-0.000688648142386, 0.00192529323976, -0.00114487193059, 0.00501151429489, -0.00155899906531, 0.00392641872168, -0.00218726578169, 0.00148108694702, -0.00345613737591, 0.00277694803663, -0.00256311218254, 0.00266271363944, -0.000759545597248], [0.000504700583406, -0.00160280044656, 2.41779453063e-005, -0.00155899906531, 0.00561571447179, -0.00267543736845, -0.00087055680342, 0.00111850211397, 5.04446070408e-005, -0.00233540358022, 0.00224116398022, -0.00104490539525, -0.00052277877694], [-0.000734378874768, 0.00239999755286, -0.00107548327651, 0.00392641872168, -0.00267543736845, 0.00817473419011, -0.00242996541783, -0.000871973927133, 0.000169101287611, 0.00306500890292, -0.00521368300542, 0.0033362461254, 0.00128347903956], [0.000593666278291, -0.00175760942511, 0.00141236744821, -0.00218726578169, -0.00087055680342, -0.00242996541783, 0.00963184330612, -0.00350741343573, 0.000327428802848, -0.00183143722825, 0.000713479705155, -0.00082901614951, -0.000887564907316], [-0.000556427112315, 0.00189288589172, -0.00154701247811, 0.00148108694702, 0.00111850211397, -0.000871973927133, -0.00350741343573, 0.0130675723776, -0.00699337106198, 0.000646437634714, 0.00321657233872, -0.00128873530775, -0.00163379474543], [0.000675660150591, -0.00143440836109, 0.00104053015821, -0.00345613737591, 5.04446070408e-005, 0.000169101287611, 0.000327428802848, -0.00699337106198, 0.0174252670258, -0.00454832985997, -0.00260239536874, 0.0027839448303, -0.00252986210398], [-0.00100044230931, 0.00370291224681, -0.00117818347644, 0.00277694803663, -0.00233540358022, 0.00306500890292, -0.00183143722825, 0.000646437634714, -0.00454832985997, 0.0178304202855, -0.00885006319731, 0.00182774406858, -0.000507710385136], [0.000943170511164, -0.00433128187433, 0.00100076047238, -0.00256311218254, 0.00224116398022, -0.00521368300542, 0.000713479705155, 0.00321657233872, -0.00260239536874, -0.00885006319731, 0.0217166151851, -0.0122589757666, 0.00251024658792], [-0.00101602682844, 0.00447109434754, -0.00211324240081, 0.00266271363944, -0.00104490539525, 0.0033362461254, -0.00082901614951, -0.00128873530775, 0.0027839448303, 0.00182774406858, -0.0122589757666, 0.0260224509984, -0.0101779513061], [0.000428926548921, -0.00273559475318, 0.00142483413219, -0.000759545597248, -0.00052277877694, 0.00128347903956, -0.000887564907316, -0.00163379474543, -0.00252986210398, -0.000507710385136, 0.00251024658792, -0.0101779513061, 0.0212897770107]]
    },
    "melbands": {
        "dmean": [0.00145642028656, 0.0027242610231, 0.00103358819615, 0.000583237386309, 0.000231037309277, 0.000139412615681, 0.000107287247374, 6.40345315333e-005, 6.09142662142e-005, 6.90805172781e-005, 7.20341558917e-005, 4.54942201031e-005, 5.37434170838e-005, 7.53736312618e-005, 6.67657222948e-005, 4.12497356592e-005, 4.8335739848e-005, 5.36663937964e-005, 3.1488496461e-005, 2.74406465905e-005, 2.12706618186e-005, 1.62438118423e-005, 1.20870081446e-005, 1.42452618093e-005, 1.32266895889e-005, 1.27790235638e-005, 8.89154580364e-006, 7.50230947233e-006, 6.90762453814e-006, 4.08489950132e-006, 3.285854973e-006, 2.92819868264e-006, 2.30221826314e-006, 1.57851707172e-006, 1.53213545673e-006, 1.31988076646e-006, 9.81128778221e-007, 7.83083180522e-007, 5.8585288798e-007, 4.86520889353e-007],
        "dmean2": [0.00224814005196, 0.00440604658797, 0.00173881463706, 0.00101277139038, 0.000368649431039, 0.000224835617701, 0.000181654642802, 0.00011086975428, 0.000100268531241, 0.000110181928903, 0.000114651636977, 7.3352799518e-005, 8.52595403558e-005, 0.000116818089737, 0.000105193226773, 6.62126476527e-005, 7.6466545579e-005, 8.67147464305e-005, 5.10434729222e-005, 4.39285031462e-005, 3.47721506841e-005, 2.60756696662e-005, 1.96944984054e-005, 2.36029136431e-005, 2.17167707888e-005, 2.06949553103e-005, 1.464261004e-005, 1.22107721836e-005, 1.10835799205e-005, 6.58501039652e-006, 5.47680701857e-006, 4.877338597e-006, 3.77807714358e-006, 2.49217032433e-006, 2.32743377637e-006, 2.00823455998e-006, 1.49841491748e-006, 1.22332471619e-006, 8.821456845e-007, 7.08815093731e-007],
        "dvar": [4.84308884552e-006, 1.65004748851e-005, 2.40280587605e-006, 2.72002807833e-006, 1.45497594417e-007, 6.92026418392e-008, 5.13463191965e-008, 2.66403468174e-008, 1.50162815515e-008, 2.17102282818e-008, 2.56406575971e-008, 8.1521012163e-009, 1.33630422283e-008, 3.40990808922e-008, 2.95024555896e-008, 9.8485148925e-009, 1.15047482652e-008, 1.85223107962e-008, 4.65814542494e-009, 7.08112590786e-009, 3.23222937304e-009, 1.33018829285e-009, 7.13479553216e-010, 8.15968348444e-010, 5.70059610627e-010, 5.70882396911e-010, 2.73443684362e-010, 2.63860239214e-010, 1.88726215211e-010, 6.34243213504e-011, 3.69702497782e-011, 2.69556009458e-011, 1.90258468702e-011, 1.84098621764e-011, 2.8762221771e-011, 3.46275785823e-011, 1.73840004891e-011, 1.64205680303e-011, 7.34139485314e-012, 3.37623462174e-012],
        "dvar2": [1.18555572044e-005, 4.66342535219e-005, 6.62313595967e-006, 7.40119230613e-006, 3.57757755864e-007, 1.65224832926e-007, 1.37781484e-007, 7.19437593943e-008, 3.61734784349e-008, 4.81281894338e-008, 6.0258322776e-008, 1.90342142048e-008, 3.07015248779e-008, 7.50749720169e-008, 6.86252121795e-008, 2.26944276704e-008, 2.6481012938e-008, 4.393718811e-008, 1.08081747996e-008, 1.56493005221e-008, 7.41783079405e-009, 3.17176884757e-009, 1.7128785057e-009, 1.94543803289e-009, 1.39536371346e-009, 1.33560396076e-009, 7.02111591089e-010, 6.79089895428e-010, 4.59808524589e-010, 1.59970231506e-010, 9.7036843838e-011, 7.18982443026e-011, 4.58620919019e-011, 3.91811340317e-011, 5.45529177387e-011, 6.39768238386e-011, 3.47295248115e-011, 3.74284561677e-011, 1.53411224696e-011, 6.2083242193e-012],
        "max": [0.0281833652407, 0.0450627058744, 0.0227810349315, 0.0199779327959, 0.00818761903793, 0.0067257815972, 0.00494503369555, 0.00285905925557, 0.00314252986573, 0.00479118619114, 0.00564722064883, 0.00243528815918, 0.0029255442787, 0.00428717024624, 0.0030438923277, 0.00249160826206, 0.00224705110304, 0.00291148829274, 0.00173626164906, 0.00394438020885, 0.00159544707276, 0.00104861450382, 0.000841276254505, 0.000767571909819, 0.000718075025361, 0.000916624907404, 0.000468129554065, 0.000753859465476, 0.000443055818323, 0.000240637062234, 0.000156824477017, 0.000157397545991, 9.83546706266e-005, 0.000151773172547, 0.000197655099328, 0.000198160501895, 0.000125405655126, 0.000136745438795, 0.00011529080075, 5.28999371454e-005],
        "mean": [0.00374607997946, 0.00522245001048, 0.00172083056532, 0.000749615370296, 0.000470149330795, 0.000243104470428, 0.000165790726896, 8.46446637297e-005, 9.96204471448e-005, 0.00011965577869, 0.000126770100906, 7.64305150369e-005, 9.34564013733e-005, 0.000131148859509, 0.000106613108073, 6.44988176646e-005, 8.17589389044e-005, 8.76880294527e-005, 5.16061481903e-005, 4.73763029731e-005, 3.55250667781e-005, 2.9467197237e-005, 2.16559128603e-005, 2.42453224928e-005, 2.45918236033e-005, 2.55755076068e-005, 1.79761318577e-005, 1.50875148393e-005, 1.37417982842e-005, 8.87259921001e-006, 6.67673566568e-006, 5.65537811781e-006, 4.36049276686e-006, 2.9555715173e-006, 2.73466866929e-006, 2.2608846848e-006, 1.63203560533e-006, 1.27131011141e-006, 1.0006069715e-006, 8.43586121846e-007],
        "median": [0.00307835964486, 0.00407995795831, 0.00111162650865, 0.000321320374496, 0.000216112399357, 0.000121722216136, 6.78855139995e-005, 2.94451710943e-005, 4.11168948631e-005, 5.0474616728e-005, 4.05417013098e-005, 3.00992287521e-005, 2.72219622275e-005, 3.27636516886e-005, 2.92258991976e-005, 2.11634869629e-005, 2.13939129026e-005, 2.72226716334e-005, 2.33671635215e-005, 1.83801421372e-005, 1.65089750226e-005, 1.4934779756e-005, 1.12529041871e-005, 1.17984782264e-005, 1.33797966555e-005, 1.37384513437e-005, 8.69330324349e-006, 7.6766782513e-006, 7.2446014201e-006, 4.54130986327e-006, 3.4621712075e-006, 2.91044580081e-006, 1.82437361218e-006, 8.11473114481e-007, 6.86313683218e-007, 5.7575948631e-007, 4.85978603137e-007, 3.81634976065e-007, 3.33301642286e-007, 2.97484945122e-007],
        "min": [1.17327272573e-024, 7.75256062138e-025, 1.436287629e-024, 1.72733302821e-024, 3.35935588184e-024, 2.52185736308e-024, 2.23800371292e-024, 1.05730603114e-024, 1.87740632125e-024, 1.80042414652e-024, 3.3682897316e-024, 2.12755352265e-024, 2.39189824819e-024, 2.3526439379e-024, 2.56166939803e-024, 3.07374445237e-024, 4.31253809134e-024, 4.67246534568e-024, 4.20418686272e-024, 4.84544794827e-024, 3.33273695389e-024, 4.15737072901e-024, 3.38132684135e-024, 4.44766444238e-024, 3.58861818799e-024, 3.83416416095e-024, 4.33178274756e-024, 4.12209444705e-024, 4.9500146167e-024, 4.04073646088e-024, 3.37935547794e-024, 4.77259112165e-024, 5.6683190137e-024, 5.03323865334e-024, 5.89764008999e-024, 6.11795592461e-024, 6.24504457188e-024, 5.87887900551e-024, 6.58999569637e-024, 5.53182911659e-024],
        "var": [1.26034619825e-005, 2.28011576837e-005, 3.48818093698e-006, 2.29545048569e-006, 5.29097917479e-007, 1.48252652821e-007, 9.37435089554e-008, 3.48549704654e-008, 3.13058059476e-008, 5.11374054213e-008, 8.01265187533e-008, 2.29674750329e-008, 3.97494588356e-008, 9.72186882109e-008, 6.78992222447e-008, 2.11194564059e-008, 2.6627770211e-008, 4.11825098467e-008, 1.01744994652e-008, 1.58599320343e-008, 5.983650464e-009, 2.74909761622e-009, 1.36924771521e-009, 1.60875124333e-009, 1.16635678893e-009, 1.31871014108e-009, 6.80887901616e-010, 5.89099047321e-010, 4.58509535894e-010, 1.68279612467e-010, 8.49747217035e-011, 6.21760767872e-011, 5.04211290775e-011, 5.14737211188e-011, 7.58748619489e-011, 6.74925879074e-011, 3.01400328306e-011, 2.18127252372e-011, 1.10398227018e-011, 6.4625275617e-012]
    },
    "mfcc": {
        "mean": [-642.552124023, 119.194152832, 0.549806118011, 41.4622421265, 14.9698200226, 19.4053421021, 13.2332572937, 5.97278404236, 4.79562473297, 3.51204252243, 0.544267773628, -1.61015808582, -1.51295888424],
        "cov": [[13422.8740234, -1714.84887695, -1628.42468262, -499.602966309, -1110.09265137, -381.535339355, -426.770751953, -139.637390137, -99.6612930298, -34.1190986633, -9.67723751068, -42.9246902466, 38.1790542603], [-1714.84887695, 1393.75915527, 4.84764909744, 105.210334778, 174.593902588, 103.464729309, 134.31867981, -23.8297119141, -2.68216371536, -42.943031311, -3.5818593502, -27.7792072296, -34.8643798828], [-1628.42468262, 4.84764909744, 794.332824707, 44.9031295776, 210.885971069, 27.7816333771, 34.2320785522, 70.955406189, -8.70447826385, 30.5406208038, -5.93292713165, 57.9685554504, 29.5514087677], [-499.602966309, 105.210334778, 44.9031295776, 619.054382324, 60.0932273865, -20.7065868378, -53.4766731262, -17.2374343872, 83.9987182617, -1.32686436176, 13.303976059, 7.55245161057, 59.5363960266], [-1110.09265137, 174.593902588, 210.885971069, 60.0932273865, 265.503540039, 86.1006546021, 61.6505966187, 32.7263450623, 10.3340263367, 20.8033943176, 7.91612291336, 15.1540145874, -6.94233322144], [-381.535339355, 103.464729309, 27.7816333771, -20.7065868378, 86.1006546021, 154.070266724, 85.0521697998, 12.2806415558, -16.3983821869, 14.9266119003, 22.6660270691, 1.42345774174, -7.89234209061], [-426.770751953, 134.31867981, 34.2320785522, -53.4766731262, 61.6505966187, 85.0521697998, 141.809844971, 43.1079788208, 6.15877199173, 17.3948230743, 17.3184070587, 8.8642578125, -4.95781469345], [-139.637390137, -23.8297119141, 70.955406189, -17.2374343872, 32.7263450623, 12.2806415558, 43.1079788208, 104.240478516, 42.091999054, 20.8514575958, 7.0419716835, 14.7703104019, 4.01579284668], [-99.6612930298, -2.68216371536, -8.70447826385, 83.9987182617, 10.3340263367, -16.3983821869, 6.15877199173, 42.091999054, 108.423652649, 39.9984931946, 10.631483078, -1.14552271366, 6.39704561234], [-34.1190986633, -42.943031311, 30.5406208038, -1.32686436176, 20.8033943176, 14.9266119003, 17.3948230743, 20.8514575958, 39.9984931946, 87.4867095947, 32.4651184082, 12.6090774536, 2.98629426956], [-9.67723751068, -3.5818593502, -5.93292713165, 13.303976059, 7.91612291336, 22.6660270691, 17.3184070587, 7.0419716835, 10.631483078, 32.4651184082, 66.2321090698, 26.7044258118, 8.66449928284], [-42.9246902466, -27.7792072296, 57.9685554504, 7.55245161057, 15.1540145874, 1.42345774174, 8.8642578125, 14.7703104019, -1.14552271366, 12.6090774536, 26.7044258118, 72.1886672974, 36.8491096497], [38.1790542603, -34.8643798828, 29.5514087677, 59.5363960266, -6.94233322144, -7.89234209061, -4.95781469345, 4.01579284668, 6.39704561234, 2.98629426956, 8.66449928284, 36.8491096497, 81.418182373]],
