{
"lowlevel": {
    "average_loudness": 0.398765355349,
    "barkbands_crest": {
        "dmean": 2.09963440895,
        "dmean2": 3.29921174049,
        "dvar": 4.48355722427,
        "dvar2": 10.7841148376,
        "max": 26.4963932037,
        "mean": 12.3879566193,
        "median": 11.6414728165,
        "min": 3.00373864174,
        "var": 19.3034534454
    },
    "barkbands_flatness_db": {
        "dmean": 0.0200605429709,
        "dmean2": 0.0281942393631,
        "dvar": 0.00038199062692,
        "dvar2": 0.000716638402082,
        "max": 0.484921336174,
        "mean": 0.212553367019,
        "median": 0.208838149905,
        "min": 0.031721893698,
        "var": 0.00368879456073
    },
    "barkbands_kurtosis": {
        "dmean": 3.2821149826,
        "dmean2": 4.88430547714,
        "dvar": 38.5611419678,
        "dvar2": 76.4501571655,
        "max": 242.514877319,
        "mean": 7.80962753296,
        "median": 5.11391735077,
        "min": -1.70506370068,
        "var": 111.645370483
    },
    "barkbands_skewness": {
        "dmean": 0.445710510015,
        "dmean2": 0.661279916763,
        "dvar": 0.263805270195,
        "dvar2": 0.548147559166,
        "max": 13.2895040512,
        "mean": 1.8555161953,
        "median": 1.76576662064,
        "min": -2.25148153305,
        "var": 1.618678689
    },
    "barkbands_spread": {
        "dmean": 2.7387201786,
        "dmean2": 3.93450760841,
        "dvar": 15.5841665268,
        "dvar2": 28.9489173889,
        "max": 94.6301193237,
        "mean": 11.1854133606,
        "median": 9.27834033966,
        "min": 0.322989314795,
        "var": 59.2326202393
    },
    "dissonance": {
        "dmean": 0.0266331080347,
        "dmean2": 0.0443351604044,
        "dvar": 0.000600918196142,
        "dvar2": 0.00160294852685,
        "max": 0.499999940395,
        "mean": 0.422290951014,
        "median": 0.426367074251,
        "min": 0.150080159307,
        "var": 0.001865860424
    },
    "dynamic_complexity": 3.30252361298,
    "erbbands_crest": {
        "dmean": 2.24645757675,
        "dmean2": 3.4011220932,
        "dvar": 5.46909189224,
        "dvar2": 12.0618629456,
        "max": 32.0966796875,
        "mean": 13.1821184158,
        "median": 12.2759695053,
        "min": 2.69135332108,
        "var": 32.2611846924
    },
    "erbbands_flatness_db": {
        "dmean": 0.0181328710169,
        "dmean2": 0.0228873677552,
        "dvar": 0.000354568241164,
        "dvar2": 0.000547910109162,
        "max": 0.408464133739,
        "mean": 0.204247117043,
        "median": 0.20558783412,
        "min": 0.0357788875699,
        "var": 0.00275729317218
    },
    "erbbands_kurtosis": {
        "dmean": 1.41066884995,
        "dmean2": 2.12368178368,
        "dvar": 4.40892314911,
        "dvar2": 8.97307109833,
        "max": 49.8107910156,
        "mean": 2.6965944767,
        "median": 1.49619853497,
        "min": -1.76990234852,
        "var": 17.513338089
    },
    "erbbands_skewness": {
        "dmean": 0.326722413301,
        "dmean2": 0.486005723476,
        "dvar": 0.11132889241,
        "dvar2": 0.22769959271,
        "max": 6.46069335938,
        "mean": 1.23071694374,
        "median": 1.2069183588,
        "min": -2.500259161,
        "var": 0.755956411362
    },
    "erbbands_spread": {
        "dmean": 5.28637981415,
        "dmean2": 7.4881567955,
        "dvar": 54.7514572144,
        "dvar2": 92.8770828247,
        "max": 112.906959534,
        "mean": 26.2350311279,
        "median": 23.4263935089,
        "min": 2.81885910034,
        "var": 209.428726196
    },
    "hfc": {
        "dmean": 2.64625024796,
        "dmean2": 3.53178787231,
        "dvar": 19.8111743927,
        "dvar2": 33.1833076477,
        "max": 105.175918579,
        "mean": 11.5311460495,
        "median": 7.21152544022,
        "min": 1.04156094573e-016,
        "var": 163.465835571
    },
    "melbands_crest": {
        "dmean": 2.6462931633,
        "dmean2": 4.19328212738,
        "dvar": 7.40752029419,
        "dvar2": 18.5314941406,
        "max": 34.301700592,
        "mean": 15.4280338287,
        "median": 14.8225574493,
        "min": 1.54726350307,
        "var": 32.4962272644
    },
    "melbands_flatness_db": {
        "dmean": 0.0215007700026,
        "dmean2": 0.0292722396553,
        "dvar": 0.000521927257068,
        "dvar2": 0.000928123365156,
        "max": 0.601202607155,
        "mean": 0.267754286528,
        "median": 0.261793911457,
        "min": 0.00285342661664,
        "var": 0.00725974934176
    },
    "melbands_kurtosis": {
        "dmean": 4.77876901627,
        "dmean2": 7.20992136002,
        "dvar": 65.9555358887,
        "dvar2": 146.593566895,
        "max": 209.854660034,
        "mean": 12.3464736938,
        "median": 8.51855564117,
        "min": -1.50462269783,
        "var": 193.763565063
    },
    "melbands_skewness": {
        "dmean": 0.516545593739,
        "dmean2": 0.771164000034,
        "dvar": 0.351425051689,
        "dvar2": 0.749351739883,
        "max": 10.8632793427,
        "mean": 2.2381746769,
        "median": 2.04989910126,
        "min": -0.833463251591,
        "var": 1.80940461159
    },
    "melbands_spread": {
        "dmean": 2.79828906059,
        "dmean2": 4.19829463959,
        "dvar": 15.5255851746,
        "dvar2": 35.7525138855,
        "max": 170.311737061,
        "mean": 14.950501442,
        "median": 10.2665777206,
        "min": 0.39567014575,
        "var": 485.834136963
    },
    "pitch_salience": {
        "dmean": 0.0544295497239,
        "dmean2": 0.0856719538569,
        "dvar": 0.00345062767155,
        "dvar2": 0.00847107730806,
        "max": 0.850400626659,
        "mean": 0.4986358881,
        "median": 0.493221342564,
        "min": 0.0606650412083,
        "var": 0.0144363520667
    },
    "silence_rate_20dB": {
        "dmean": 0,
        "dmean2": 0,
        "dvar": 0,
        "dvar2": 0,
        "max": 1,
        "mean": 1,
        "median": 1,
        "min": 1,
        "var": 0
    },
    "silence_rate_30dB": {
        "dmean": 0.00285430625081,
        "dmean2": 0.00570896686986,
        "dvar": 0.00284594437107,
        "dvar2": 0.00679381517693,
        "max": 1,
        "mean": 0.997021794319,
        "median": 1,
        "min": 0,
        "var": 0.0029695185367
    },
    "silence_rate_60dB": {
        "dmean": 0.0138992303982,
        "dmean2": 0.0278001856059,
        "dvar": 0.0137084946036,
        "dvar2": 0.0318632163107,
        "max": 1,
        "mean": 0.0614258237183,
        "median": 0,
        "min": 0,
        "var": 0.0576629973948
    },
    "spectral_centroid": {
        "dmean": 114.517227173,
        "dmean2": 169.629104614,
        "dvar": 25588.3027344,
        "dvar2": 53403.6796875,
        "max": 11950.6337891,
        "mean": 1033.0612793,
        "median": 667.279724121,
        "min": 173.640441895,
        "var": 3310706.25
    },
    "spectral_complexity": {
        "dmean": 1.4928021431,
        "dmean2": 2.40124106407,
        "dvar": 2.50502681732,
        "dvar2": 5.47954654694,
        "max": 44,
        "mean": 10.5610847473,
        "median": 10,
        "min": 0,
        "var": 22.1647548676
    },
    "spectral_decrease": {
        "dmean": 1.32269617481e-009,
        "dmean2": 1.93601934484e-009,
        "dvar": 3.41722848745e-018,
        "dvar2": 6.90377016074e-018,
        "max": 2.08241873386e-028,
        "mean": -5.61191582094e-009,
        "median": -4.0830410164e-009,
        "min": -3.44586865708e-008,
        "var": 2.41087497075e-017
    },
    "spectral_energy": {
        "dmean": 0.00518682552502,
        "dmean2": 0.00756204640493,
        "dvar": 5.23949020135e-005,
        "dvar2": 0.000105076484033,
        "max": 0.138413131237,
        "mean": 0.0222265962511,
        "median": 0.0161519497633,
        "min": 9.8957208033e-021,
        "var": 0.000381295016268
    },
    "spectral_energyband_high": {
        "dmean": 0.000118830772408,
        "dmean2": 0.000155272689881,
        "dvar": 7.93802570342e-008,
        "dvar2": 1.27528366534e-007,
        "max": 0.00618622358888,
        "mean": 0.000252726254985,
        "median": 6.49476132821e-005,
        "min": 6.97760774018e-021,
        "var": 2.53082703239e-007
    },
    "spectral_energyband_low": {
        "dmean": 0.00235654693097,
        "dmean2": 0.00351649778895,
        "dvar": 2.32127349591e-005,
        "dvar2": 4.70618142572e-005,
        "max": 0.0617320165038,
        "mean": 0.00520300352946,
        "median": 0.00237162341364,
        "min": 1.03979124828e-023,
        "var": 5.74151272303e-005
    },
    "spectral_energyband_middle_high": {
        "dmean": 0.000580716354307,
        "dmean2": 0.000771882128902,
        "dvar": 1.46127388234e-006,
        "dvar2": 2.23325355364e-006,
        "max": 0.0597079955041,
        "mean": 0.00207005650736,
        "median": 0.00110575219151,
        "min": 1.12949967739e-021,
        "var": 9.2039563242e-006
    },
    "spectral_energyband_middle_low": {
        "dmean": 0.00381881091744,
        "dmean2": 0.00578142236918,
        "dvar": 3.39386242558e-005,
        "dvar2": 7.21733958926e-005,
        "max": 0.130180597305,
        "mean": 0.0153015963733,
        "median": 0.0105715068057,
        "min": 1.21426519241e-022,
        "var": 0.000243832357228
    },
    "spectral_entropy": {
        "dmean": 0.190784111619,
        "dmean2": 0.243490412831,
        "dvar": 0.0431187450886,
        "dvar2": 0.0675839334726,
        "max": 9.82520580292,
        "mean": 6.76022768021,
        "median": 6.66319179535,
        "min": 4.41892290115,
        "var": 0.604078292847
    },
    "spectral_flux": {
        "dmean": 0.0180667825043,
        "dmean2": 0.0284304823726,
        "dvar": 0.000511176767759,
        "dvar2": 0.00120483885985,
        "max": 0.239678308368,
        "mean": 0.0495783910155,
        "median": 0.0393360964954,
        "min": 6.30657540079e-011,
        "var": 0.00139623193536
    },
    "spectral_kurtosis": {
        "dmean": 3.73837327957,
        "dmean2": 5.94301080704,
        "dvar": 27.5621643066,
        "dvar2": 67.7800292969,
        "max": 183.371780396,
        "mean": 10.2872610092,
        "median": 7.68366861343,
        "min": -1.27933418751,
        "var": 105.070823669
    },
    "spectral_rms": {
        "dmean": 0.000513265666086,
        "dmean2": 0.00074586737901,
        "dvar": 3.72084201672e-007,
        "dvar2": 7.21706840068e-007,
        "max": 0.0116205513477,
        "mean": 0.00422135880217,
        "median": 0.00396963488311,
        "min": 3.10714691823e-012,
        "var": 3.86465353586e-006
    },
    "spectral_rolloff": {
        "dmean": 159.420043945,
        "dmean2": 270.508483887,
        "dvar": 170531.921875,
        "dvar2": 379093.8125,
        "max": 19702.8808594,
        "mean": 1266.4732666,
        "median": 602.9296875,
        "min": 64.599609375,
        "var": 10145923
    },
    "spectral_skewness": {
        "dmean": 0.348850369453,
        "dmean2": 0.538473308086,
        "dvar": 0.142050817609,
        "dvar2": 0.334060579538,
        "max": 11.4003925323,
        "mean": 2.3685503006,
        "median": 2.25471663475,
        "min": -0.0972402915359,
        "var": 0.955087184906
    },
    "spectral_spread": {
        "dmean": 615336.125,
        "dmean2": 801869.875,
        "dvar": 614840467456,
        "dvar2": 1.11997891379e+012,
        "max": 43263776,
        "mean": 5068624.5,
        "median": 3663562,
        "min": 615473.8125,
        "var": 4.28443791524e+013
    },
    "spectral_strongpeak": {
        "dmean": 0.346952617168,
        "dmean2": 0.558055996895,
        "dvar": 0.330946743488,
        "dvar2": 0.696488976479,
        "max": 9.22784900665,
        "mean": 1.18833208084,
        "median": 0.753750801086,
        "min": 0,
        "var": 1.63221502304
    },
    "zerocrossingrate": {
        "dmean": 0.0066827815026,
        "dmean2": 0.00768833141774,
        "dvar": 7.10770618753e-005,
        "dvar2": 8.19835186121e-005,
        "max": 0.533203125,
        "mean": 0.0508616268635,
        "median": 0.033203125,
        "min": 0.00341796875,
        "var": 0.0069375843741
    },
    "barkbands": {
        "dmean": [3.9292848669e-005, 0.00162919645663, 0.00122601236217, 0.000461214542156, 0.00152395025361, 0.0013150855666, 0.000697429175489, 0.00070683035301, 0.000864643952809, 0.000268021569354, 9.5833245723e-005, 0.000121246739582, 9.54061033553e-005, 8.64621324581e-005, 8.21654102765e-005, 6.19460261078e-005, 7.04436315573e-005, 3.19750106428e-005, 3.09970819217e-005, 2.43561262323e-005, 2.6264700864e-005, 2.84538109554e-005, 2.73957175523e-005, 1.60518393386e-005, 1.77734818863e-005, 1.54105237016e-005, 2.0810042578e-009],
        "dmean2": [6.30424765404e-005, 0.00252353120595, 0.00197549443692, 0.000806721101981, 0.00245643896051, 0.00204908684827, 0.000991763197817, 0.000961335201282, 0.00108843378257, 0.000371585221728, 0.00013009783288, 0.000159301125677, 0.000142762859468, 0.000124506201246, 0.000123610894661, 9.36097712838e-005, 0.000100935722003, 4.80892667838e-005, 4.62280804641e-005, 3.55997617589e-005, 3.70765228581e-005, 4.07080769946e-005, 3.97089133912e-005, 2.10022553802e-005, 2.42213427555e-005, 2.21751834033e-005, 3.90115051374e-009],
        "dvar": [1.57922066535e-008, 1.27224548123e-005, 1.37343276947e-005, 1.74207650616e-006, 1.09199818326e-005, 4.87496708956e-006, 2.38674056163e-006, 4.22737048211e-006, 1.01787791209e-005, 1.0084851283e-006, 7.82019142775e-008, 2.49772710958e-007, 8.28836377309e-008, 1.09589279873e-007, 4.1144438967e-008, 3.68277284224e-008, 4.58694771055e-008, 7.95797472364e-009, 5.84561954398e-009, 5.69965630248e-009, 5.55613377529e-009, 3.85051146523e-009, 4.14887102451e-009, 2.34552777201e-009, 3.29275717803e-009, 2.98943980681e-009, 7.84930079748e-016],
        "dvar2": [3.75706505906e-008, 3.08427806885e-005, 3.16444638884e-005, 4.68523148811e-006, 2.58518284681e-005, 1.16139863167e-005, 5.08426956003e-006, 7.06486343915e-006, 1.43541228681e-005, 1.64853690876e-006, 1.22668964764e-007, 3.41972992146e-007, 1.66875295804e-007, 2.07480240988e-007, 9.12565667477e-008, 7.75633068884e-008, 7.57980629373e-008, 1.76639716187e-008, 1.29731052567e-008, 1.05217292656e-008, 1.03815667174e-008, 7.71753327911e-009, 8.71842953387e-009, 4.00173405524e-009, 6.39000585778e-009, 7.30511073854e-009, 2.32089610998e-015],
        "max": [0.00311045628041, 0.0547705739737, 0.0398974753916, 0.0271590091288, 0.0717936977744, 0.0623505860567, 0.0426731407642, 0.0657105892897, 0.11890963465, 0.0520297437906, 0.010674642399, 0.0264804475009, 0.012199619785, 0.0141058340669, 0.00628801062703, 0.00984792876989, 0.0108057195321, 0.00347835384309, 0.00183567998465, 0.00354427890852, 0.00396740809083, 0.00158105453011, 0.00132851011585, 0.00114381336607, 0.00150152249262, 0.00152199040167, 1.67778375726e-006],
        "mean": [6.17162731942e-005, 0.0033295340836, 0.00144665222615, 0.000740690564271, 0.00387932336889, 0.00328013882972, 0.00188943685498, 0.00208555371501, 0.00303240818903, 0.000760025461204, 0.000243869362748, 0.000264605769189, 0.000196921842871, 0.000184099451872, 0.000165700810612, 0.000133792185807, 0.000143372759339, 6.11607974861e-005, 5.72208082303e-005, 5.16456020705e-005, 4.86223143525e-005, 5.49631513422e-005, 4.34369758295e-005, 2.52194749919e-005, 2.71311000688e-005, 1.93785635929e-005, 1.51240575619e-009],
        "median": [5.05184698341e-006, 0.00107960030437, 0.000223394177738, 7.46122095734e-005, 0.00192806380801, 0.00172648066655, 0.000663961283863, 0.000272515491815, 0.000240819135797, 0.000114784153993, 4.01810466428e-005, 4.5277440222e-005, 5.88707625866e-005, 3.0061652069e-005, 5.50889817532e-005, 3.41152990586e-005, 3.86735337088e-005, 1.91515246115e-005, 1.79476664925e-005, 1.13393762149e-005, 1.02600661194e-005, 1.27946659632e-005, 7.3335208981e-006, 3.80074197892e-006, 4.09007134294e-006, 2.0423233309e-006, 3.22535248509e-010],
        "min": [8.84700725932e-026, 1.56951223361e-024, 4.69013799933e-025, 3.13681886143e-025, 4.67968145081e-024, 5.79772178444e-024, 7.07957066276e-024, 2.04571452854e-024, 1.00553733006e-023, 1.03562424832e-023, 8.18034243674e-024, 1.82936149723e-023, 2.45644391242e-023, 2.47073665207e-023, 2.3645170045e-023, 3.8951812109e-023, 3.84029731783e-023, 6.82423879139e-023, 8.77169339722e-023, 1.5403686786e-022, 1.87630818742e-022, 2.49674703694e-022, 3.22867692349e-022, 5.19277624198e-022, 7.97478093584e-022, 1.24879422746e-021, 1.68445395886e-021],
        "var": [3.18653690101e-008, 2.86481645162e-005, 1.51437161549e-005, 3.99077089241e-006, 3.16491132253e-005, 2.05570504477e-005, 1.22509363791e-005, 2.88898245344e-005, 8.09627599665e-005, 6.00984640187e-006, 4.75991953408e-007, 9.34887282256e-007, 2.04477657917e-007, 4.63702036768e-007, 1.12424643817e-007, 1.20991757058e-007, 1.58163956598e-007, 1.80869772493e-008, 1.32693935839e-008, 2.06233270461e-008, 1.58805057993e-008, 1.16741816214e-008, 8.8974196899e-009, 4.84627582509e-009, 6.25060980752e-009, 3.71349284656e-009, 4.12303186774e-016]
    },
    "erbbands": {
        "dmean": [0.0364164821804, 0.416308969259, 1.3622521162, 1.3302128315, 3.63703680038, 4.94474458694, 7.17808485031, 12.9439239502, 12.3694381714, 7.1913433075, 17.3707580566, 23.9718723297, 9.19378662109, 5.66999006271, 3.78987693787, 5.69825124741, 4.28716278076, 3.841547966, 4.66841650009, 3.73564887047, 3.90453720093, 2.76040482521, 1.85771095753, 1.85760259628, 1.23715567589, 1.16980075836, 1.17787861824, 0.896254301071, 0.960784375668, 1.04593372345, 0.797752857208, 0.362842470407, 0.254036188126, 0.222698822618, 0.122238948941, 0.0932327359915, 0.0203342325985, 0.00163869245443, 3.39837642969e-005, 6.99819202055e-006],
        "dmean2": [0.0534132309258, 0.645681619644, 2.14657282829, 2.19376349449, 6.0954914093, 7.88161277771, 11.1322107315, 20.413236618, 17.7168750763, 10.0195178986, 23.7049102783, 30.0520801544, 12.3250102997, 7.87895059586, 5.08919286728, 7.44560861588, 6.38634538651, 5.55123281479, 6.85517406464, 5.61993026733, 5.73956727982, 3.95542788506, 2.76617407799, 2.79851841927, 1.82721233368, 1.71642410755, 1.68682420254, 1.25587034225, 1.38542258739, 1.51022708416, 1.15514242649, 0.485695630312, 0.330777406693, 0.316469103098, 0.164086356759, 0.135838717222, 0.0291270259768, 0.00230335490778, 4.72905339848e-005, 9.88223564491e-006],
        "dvar": [0.00714936200529, 0.852385282516, 14.2910776138, 14.851849556, 114.477203369, 102.926361084, 235.004623413, 566.12487793, 752.437805176, 351.063293457, 2576.98999023, 7835.32128906, 1383.59411621, 220.979049683, 137.574645996, 643.65032959, 140.701461792, 193.181945801, 156.699508667, 109.936485291, 162.693893433, 57.9093780518, 19.6173877716, 30.391336441, 9.48312091827, 11.6696929932, 14.3172864914, 4.35877895355, 4.76786518097, 5.84788990021, 3.94719099998, 1.0724953413, 0.637845754623, 0.687410771847, 0.122257888317, 0.119736582041, 0.00481550954282, 3.77065189241e-005, 1.28551489453e-008, 1.05718128696e-010],
        "dvar2": [0.0154743464664, 2.06564903259, 32.0601425171, 37.7079849243, 269.278778076, 249.013320923, 517.995788574, 1403.30175781, 1613.28637695, 590.324829102, 4343.65039063, 11013.4560547, 2310.20751953, 362.779785156, 207.36781311, 863.608215332, 284.347625732, 372.600311279, 325.216186523, 252.515975952, 324.657958984, 96.6465454102, 42.2488594055, 70.9206085205, 19.1928253174, 22.4333724976, 25.9319210052, 8.37167930603, 9.82247638702, 12.2520475388, 8.82881259918, 1.9343187809, 1.0636575222, 1.52438879013, 0.214061558247, 0.299937367439, 0.0110251205042, 7.89771947893e-005, 2.6780675455e-008, 2.0718195215e-010],
        "max": [1.24464726448, 14.7801017761, 44.0741119385, 73.771484375, 263.397277832, 194.575546265, 487.992401123, 780.438781738, 853.743652344, 853.185546875, 1816.9354248, 3412.23217773, 2054.51098633, 811.02947998, 542.72668457, 1363.29418945, 476.441772461, 683.967224121, 444.767883301, 443.335357666, 660.71270752, 321.795806885, 148.727859497, 161.144973755, 125.993881226, 140.244140625, 251.686019897, 50.9118537903, 58.5299224854, 78.6154785156, 60.2993850708, 25.2149181366, 19.7269744873, 25.5277767181, 8.16163539886, 9.84579563141, 2.07749509811, 0.181625038385, 0.00347232352942, 0.000205677235499],
        "mean": [0.0818642601371, 0.79570633173, 1.79901146889, 2.13070607185, 6.4609618187, 13.5914878845, 20.1919269562, 30.0303516388, 33.5506896973, 22.0687656403, 55.5080108643, 87.6867523193, 31.4115047455, 15.2659292221, 10.131939888, 12.7800865173, 9.3726348877, 8.77075576782, 10.0615243912, 8.20467662811, 8.83970451355, 5.94683456421, 3.84213089943, 3.45939564705, 2.47240138054, 2.48618149757, 2.36186742783, 1.72007405758, 1.69937312603, 1.90138113499, 1.27402436733, 0.585593104362, 0.381544798613, 0.312905907631, 0.188100963831, 0.12085146457, 0.0255622044206, 0.00187611416914, 5.06572978338e-005, 2.77258895949e-005],
        "median": [0.0191403068602, 0.269569277763, 0.445409446955, 0.369783759117, 1.92682743073, 6.36956119537, 8.62141704559, 13.8977031708, 12.5090589523, 7.71512937546, 7.71428871155, 9.09419250488, 4.75870275497, 4.18626070023, 2.83568406105, 2.63758301735, 3.63810420036, 2.79026174545, 3.212246418, 2.83759021759, 2.58844208717, 2.03460502625, 1.49042963982, 1.10637915134, 0.874888300896, 0.629025876522, 0.52060675621, 0.425261944532, 0.401086449623, 0.353618562222, 0.209085553885, 0.0952890217304, 0.0568661317229, 0.0428794287145, 0.0289558786899, 0.0157652460039, 0.00180547859054, 5.77874016017e-005, 1.38215491461e-005, 2.01026250579e-005],
        "min": [5.73382728545e-023, 1.50345453207e-022, 8.6858487962e-022, 2.89965255674e-021, 3.44124017708e-021, 1.48272577165e-020, 2.96821904405e-020, 5.04957284006e-020, 9.64521222441e-020, 1.37329766067e-019, 1.60976093895e-019, 3.0811818658e-019, 4.29260338253e-019, 4.77132356379e-019, 8.68114472346e-019, 8.43694446302e-019, 1.11179733131e-018, 1.25608523729e-018, 2.04117466098e-018, 1.45338994047e-018, 3.40395223862e-018, 2.8531976024e-018, 4.08758992473e-018, 5.32369389054e-018, 5.66937845879e-018, 7.90491843664e-018, 7.78798653089e-018, 8.47895117607e-018, 8.86996276034e-018, 1.03338515873e-017, 1.06813079765e-017, 9.57923787556e-018, 9.11033400173e-018, 7.26557399758e-018, 5.69087605573e-018, 4.03505444325e-018, 2.04392193459e-018, 8.7680917456e-019, 2.40239978159e-019, 2.58699137145e-020],
        "var": [0.0208047479391, 1.70822989941, 17.4737186432, 24.8552284241, 216.545303345, 367.196685791, 1141.05493164, 2162.89233398, 3759.03222656, 2081.03271484, 18737.4570313, 64893.53125, 9107.77929688, 1157.80529785, 656.698791504, 2398.4362793, 351.528900146, 746.070556641, 519.5859375, 325.471282959, 535.811035156, 202.188873291, 52.2921028137, 60.4273147583, 25.5924224854, 39.0054893494, 43.6204452515, 11.8087720871, 11.3299188614, 17.5365333557, 8.91725826263, 2.21128177643, 1.29844522476, 1.03892445564, 0.26432415843, 0.144291594625, 0.00660806940868, 5.13745180797e-005, 1.89216660118e-008, 6.27657814611e-010]
    },
    "gfcc": {
        "mean": [-90.6047363281, 119.63709259, -107.656158447, 17.3644733429, -66.6913757324, 2.34696650505, -44.2470779419, 5.46936655045, -17.1861438751, 5.15193510056, -13.7845277786, 1.1725178957, -3.79315757751],
        "cov": [[41049.3046875, 2515.90209961, -3698.13842773, 814.043334961, -2859.6862793, 465.619262695, -1566.6027832, 516.817993164, -725.21685791, 292.115264893, -984.700012207, 69.0974960327, -480.684234619], [2515.90209961, 2279.44189453, -276.058837891, 168.586532593, 360.639770508, -107.661346436, 37.818271637, -141.728622437, 206.404785156, 16.7802600861, 426.121490479, -77.4967346191, 267.186645508], [-3698.13842773, -276.058837891, 1155.5949707, 33.5728530884, 418.416290283, 90.2236862183, 155.135894775, 88.7533111572, 10.6295480728, 77.3445587158, 34.2515449524, 47.0367507935, -0.39646756649], [814.043334961, 168.586532593, 33.5728530884, 342.382385254, 67.833114624, 85.3403625488, 53.1905860901, 10.7769498825, 54.8440628052, 27.1107978821, 37.9686126709, -9.59921360016, 17.2253494263], [-2859.6862793, 360.639770508, 418.416290283, 67.833114624, 603.574768066, -2.01934242249, 140.299102783, -14.1220111847, 104.566169739, 30.8992843628, 214.102966309, 4.71190881729, 97.2431945801], [465.619262695, -107.661346436, 90.2236862183, 85.3403625488, -2.01934242249, 194.889373779, 56.1318473816, 76.1700286865, 32.0567932129, 50.2093238831, -13.6745138168, 11.836935997, -28.4041404724], [-1566.6027832, 37.818271637, 155.135894775, 53.1905860901, 140.299102783, 56.1318473816, 261.146636963, 32.5539245605, 125.770042419, 23.5838603973, 95.713432312, 4.64222669601, 42.9841766357], [516.817993164, -141.728622437, 88.7533111572, 10.7769498825, -14.1220111847, 76.1700286865, 32.5539245605, 224.924835205, 41.4573669434, 61.5309333801, -40.4806785583, 20.8492069244, -19.6164417267], [-725.21685791, 206.404785156, 10.6295480728, 54.8440628052, 104.566169739, 32.0567932129, 125.770042419, 41.4573669434, 253.562423706, 66.8504257202, 112.229446411, -15.0094966888, 61.8156280518], [292.115264893, 16.7802600861, 77.3445587158, 27.1107978821, 30.8992843628, 50.2093238831, 23.5838603973, 61.5309333801, 66.8504257202, 156.808319092, 72.633934021, 34.4705963135, -3.07493448257], [-984.700012207, 426.121490479, 34.2515449524, 37.9686126709, 214.102966309, -13.6745138168, 95.713432312, -40.4806785583, 112.229446411, 72.633934021, 310.274963379, 37.7639541626, 87.0308990479], [69.0974960327, -77.4967346191, 47.0367507935, -9.59921360016, 4.71190881729, 11.836935997, 4.64222669601, 20.8492069244, -15.0094966888, 34.4705963135, 37.7639541626, 134.384338379, 39.1450500488], [-480.684234619, 267.186645508, -0.39646756649, 17.2253494263, 97.2431945801, -28.4041404724, 42.9841766357, -19.6164417267, 61.8156280518, -3.07493448257, 87.0308990479, 39.1450500488, 182.768966675]],
        "icov": [[0.000250066805165, -0.00065655662911, 0.000451747793704, -0.000567693146877, 0.000726131838746, -0.000576223595999, 0.000679260992911, -0.000626186840236, 0.000565369904507, -0.0007838079473, 0.000815421284642, -0.000726832600776, 0.00053209689213], [-0.00065655662911, 0.00256067398004, -0.000970249180682, 0.00118888763245, -0.00214170478284, 0.00163443665951, -0.00136174052022, 0.00166113546584, -0.00158465397544, 0.00212771934457, -0.00308344722725, 0.00275621190667, -0.00224253628403], [0.000451747793704, -0.000970249180682, 0.00237283925526, -0.000962861231528, -4.86577519041e-005, -0.00128103769384, 0.000629585294519, -0.00128872680943, 0.00159408408217, -0.00219664629549, 0.00207923469134, -0.0015339636011, 0.00100514886435], [-0.000567693146877, 0.00118888763245, -0.000962861231528, 0.00488796457648, -0.0019166644197, -0.000442936317995, -0.00178364559542, 0.00177922437433, -0.00149588019121, 0.0015840055421, -0.00153667631093, 0.00177769246511, -0.0012488598004], [0.000726131838746, -0.00214170478284, -4.86577519041e-005, -0.0019166644197, 0.00570668280125, -0.00134053267539, 0.00171548605431, -0.00189925334416, 0.00135870487429, -0.00142408011016, 0.000457112008007, -0.00147285114508, 0.000983573263511], [-0.000576223595999, 0.00163443665951, -0.00128103769384, -0.000442936317995, -0.00134053267539, 0.00896208360791, -0.00292682624422, -5.50174045202e-005, -0.00131515972316, 0.000376492214855, -0.00135587330442, 0.00123155396432, -0.000244378054049], [0.000679260992911, -0.00136174052022, 0.000629585294519, -0.00178364559542, 0.00171548605431, -0.00292682624422, 0.00836873240769, -0.00207772478461, -0.00119797606021, -0.000267807190539, 0.000450054038083, -0.00171740364749, 0.000942052167375], [-0.000626186840236, 0.00166113546584, -0.00128872680943, 0.00177922437433, -0.00189925334416, -5.50174045202e-005, -0.00207772478461, 0.00779836950824, -0.00244056386873, -0.000115765593364, -0.000253990321653, 0.000963643658906, -0.00118009990547], [0.000565369904507, -0.00158465397544, 0.00159408408217, -0.00149588019121, 0.00135870487429, -0.00131515972316, -0.00119797606021, -0.00244056386873, 0.00857026595622, -0.00439541134983, 0.00104808039032, 0.000570208532736, -0.000553312071133], [-0.0007838079473, 0.00212771934457, -0.00219664629549, 0.0015840055421, -0.00142408011016, 0.000376492214855, -0.000267807190539, -0.000115765593364, -0.00439541134983, 0.0131535027176, -0.00580863514915, 0.000340397527907, -5.82402062719e-005], [0.000815421284642, -0.00308344722725, 0.00207923469134, -0.00153667631093, 0.000457112008007, -0.00135587330442, 0.000450054038083, -0.000253990321653, 0.00104808039032, -0.00580863514915, 0.0105207143351, -0.00477422820404, 0.00177508511115], [-0.000726832600776, 0.00275621190667, -0.0015339636011, 0.00177769246511, -0.00147285114508, 0.00123155396432, -0.00171740364749, 0.000963643658906, 0.000570208532736, 0.000340397527907, -0.00477422820404, 0.0127773275599, -0.0052796928212], [0.00053209689213, -0.00224253628403, 0.00100514886435, -0.0012488598004, 0.000983573263511, -0.000244378054049, 0.000942052167375, -0.00118009990547, -0.000553312071133, -5.82402062719e-005, 0.00177508511115, -0.0052796928212, 0.00983119755983]]
    },
    "melbands": {
        "dmean": [0.000386963831261, 0.000613986048847, 0.000280282984022, 0.000323632877553, 0.000242339228862, 0.000279151747236, 0.000173828841071, 8.6581290816e-005, 0.000147800587001, 0.000142353164847, 4.33280802099e-005, 2.41403595282e-005, 1.20014146887e-005, 1.47306845975e-005, 9.13919120649e-006, 1.13523237815e-005, 7.355897651e-006, 8.22510901344e-006, 5.23255084772e-006, 5.07553340867e-006, 4.91816854264e-006, 3.33956154464e-006, 2.41538032242e-006, 1.7416840592e-006, 1.58853845278e-006, 1.03719651179e-006, 6.86002408656e-007, 8.70959581789e-007, 8.02852525794e-007, 7.88097054283e-007, 4.84222653085e-007, 5.85187592606e-007, 5.71159773699e-007, 6.21925039468e-007, 5.81664949095e-007, 2.47937634867e-007, 2.20898584757e-007, 1.90310103676e-007, 1.70716873527e-007, 2.03038339919e-007],
        "dmean2": [0.000589575385675, 0.00094133138191, 0.000460227049189, 0.000531105266418, 0.000376043259166, 0.000436434114818, 0.000247756164754, 0.000120723845612, 0.000200015914743, 0.00017855403712, 5.83578112128e-005, 3.3610715036e-005, 1.63133972819e-005, 1.93303549167e-005, 1.24436401165e-005, 1.68244641827e-005, 1.06914094431e-005, 1.19950445878e-005, 7.7678305388e-006, 7.69557391322e-006, 7.18119781595e-006, 4.72464671475e-006, 3.67298912352e-006, 2.62303092313e-006, 2.41184466176e-006, 1.56082592184e-006, 1.01025455024e-006, 1.29326872411e-006, 1.15235582143e-006, 1.16184583021e-006, 6.91251557328e-007, 8.66667335231e-007, 8.33855210658e-007, 9.15997190987e-007, 8.66008633693e-007, 3.47217479657e-007, 2.96704143921e-007, 2.54392062971e-007, 2.3625163692e-007, 2.983877323e-007],
        "dvar": [7.29642124497e-007, 2.145923645e-006, 5.13447389494e-007, 6.05399293363e-007, 2.50231920518e-007, 2.44372444058e-007, 1.43441610589e-007, 5.75057796937e-008, 1.78554444119e-007, 2.7243538625e-007, 3.4308644814e-008, 4.56881332767e-009, 1.28455168724e-009, 2.86442958242e-009, 1.11855802398e-009, 1.42313560936e-009, 9.16316855726e-010, 6.03573302449e-010, 1.81848883174e-010, 1.66608601915e-010, 2.90902746336e-010, 1.12463663382e-010, 4.69256404567e-011, 2.98528354814e-011, 2.51586772249e-011, 7.36375110194e-012, 2.57530954027e-012, 8.51805865426e-012, 9.04546750002e-012, 6.00074807552e-012, 1.28188301987e-012, 1.95779070039e-012, 1.82380391171e-012, 2.1708225495e-012, 2.4827275652e-012, 4.46379993515e-013, 4.51099986358e-013, 3.57341109827e-013, 3.42787701436e-013, 6.10052644252e-013],
        "dvar2": [1.6931828668e-006, 4.49531489721e-006, 1.22977610317e-006, 1.4815391296e-006, 5.51448067654e-007, 5.95855169649e-007, 3.03927123468e-007, 9.73933609316e-008, 2.92654021905e-007, 3.88801396412e-007, 5.64344873055e-008, 7.14138970181e-009, 1.9957520081e-009, 4.06959532739e-009, 1.5333428971e-009, 2.82424106324e-009, 1.75597458796e-009, 1.21243037832e-009, 3.70349001466e-010, 3.79402925743e-010, 5.41424571843e-010, 1.73824135641e-010, 1.04549403857e-010, 6.56719886805e-011, 5.90206286621e-011, 1.53670999536e-011, 5.46020693937e-012, 1.59736477517e-011, 1.61894612299e-011, 1.25508275647e-011, 2.54586000718e-012, 4.27219110782e-012, 3.8569408084e-012, 4.75743446374e-012, 6.0260607268e-012, 8.49639044016e-013, 8.38070823676e-013, 6.16134964229e-013, 6.71169391765e-013, 1.42113935637e-012],
        "max": [0.0125800315291, 0.0170265752822, 0.0112179545686, 0.0188270341605, 0.0163788665086, 0.0150715596974, 0.0116121284664, 0.0115510988981, 0.0141162741929, 0.0185506977141, 0.0101275127381, 0.00453008944169, 0.00142775173299, 0.00272783334367, 0.00169635843486, 0.00168861914426, 0.00156847422477, 0.00101165368687, 0.000398837815737, 0.000414208276197, 0.000851660908666, 0.000534051854629, 0.000250520650297, 0.000253608624917, 0.000138133196742, 9.25910935621e-005, 3.90612476622e-005, 0.000140327829286, 0.000205458738492, 0.000108091873699, 2.10467915167e-005, 4.10636021115e-005, 3.15254656016e-005, 3.49301917595e-005, 5.2370094636e-005, 1.54312347149e-005, 1.6746662368e-005, 1.39665207826e-005, 1.6772744857e-005, 2.52893587458e-005],
        "mean": [0.000848466821481, 0.00100398994982, 0.000455327914096, 0.000756849069148, 0.000705805141479, 0.000670463312417, 0.000473701249575, 0.000259397784248, 0.000484819000121, 0.000506775453687, 0.000139319541631, 6.16154356976e-005, 3.13064374495e-005, 3.31771589117e-005, 2.00599806703e-005, 2.31611302297e-005, 1.58646853379e-005, 1.71919891727e-005, 1.07456417027e-005, 1.08429649117e-005, 1.05949702629e-005, 6.89956914357e-006, 4.34186995335e-006, 3.2299922168e-006, 2.73706723419e-006, 1.91874300981e-006, 1.30966486722e-006, 1.79101118647e-006, 1.60342892741e-006, 1.36017774821e-006, 8.51161416904e-007, 9.7423344414e-007, 9.90371404441e-007, 1.0260430372e-006, 8.7376014335e-007, 3.77535400276e-007, 3.38214107387e-007, 2.75017640661e-007, 2.4280294042e-007, 2.72148923841e-007],
        "median": [0.000248337426456, 0.000345540989656, 9.82234632829e-005, 0.000321413244819, 0.000335864955559, 0.000330951908836, 0.000174390355824, 7.41895710235e-005, 5.521588173e-005, 4.32063789049e-005, 1.78591635631e-005, 1.37606639328e-005, 6.37863831798e-006, 6.6462189352e-006, 5.0590920182e-006, 5.91898515268e-006, 3.6640271901e-006, 4.52289214081e-006, 3.41765144185e-006, 2.95274503515e-006, 2.46509625867e-006, 1.8498889176e-006, 1.27212661027e-006, 8.83509017058e-007, 7.08715390374e-007, 5.50622644369e-007, 4.24557100587e-007, 3.20667908227e-007, 2.95030247344e-007, 2.54989117821e-007, 2.04369342782e-007, 2.28344745778e-007, 1.70452707948e-007, 1.71060207776e-007, 1.23871743085e-007, 5.90565036873e-008, 4.89439031526e-008, 3.68351642521e-008, 3.34597807239e-008, 3.43300072814e-008],
        "min": [5.98035205729e-025, 6.56750418727e-025, 7.43080595182e-025, 8.36851554213e-025, 1.07901666654e-024, 1.1542701512e-024, 1.25322269379e-024, 1.27329545674e-024, 1.20044533543e-024, 1.77969090978e-024, 1.52914888349e-024, 1.66418490996e-024, 1.39894255931e-024, 1.1985137109e-024, 2.1772170498e-024, 2.49688715442e-024, 1.49400966612e-024, 3.10077122142e-024, 1.67583737161e-024, 2.31111849706e-024, 3.47128893341e-024, 2.66255583312e-024, 2.83163870183e-024, 3.29251076696e-024, 3.83977375085e-024, 3.087399043e-024, 3.81542713673e-024, 4.08041537555e-024, 3.9980058378e-024, 3.50008630075e-024, 3.98448436745e-024, 4.22512638659e-024, 3.70422575365e-024, 3.21324247333e-024, 4.96067488854e-024, 4.46475116959e-024, 4.96209838805e-024, 5.24105932566e-024, 4.52266105421e-024, 6.08210811292e-024],
        "var": [1.94295148503e-006, 3.42072098647e-006, 9.43163456668e-007, 1.5541833136e-006, 1.23212862491e-006, 9.8481200439e-007, 7.27395047306e-007, 3.46823583186e-007, 1.36280857532e-006, 2.1766120426e-006, 2.23368701313e-007, 2.35237713753e-008, 7.23063209307e-009, 1.0704384934e-008, 4.17530054975e-009, 3.53528961661e-009, 3.65808849878e-009, 2.2109307718e-009, 5.62577873175e-010, 5.39476630035e-010, 9.43494504746e-010, 4.05552452731e-010, 1.24060414719e-010, 6.21812878965e-011, 4.90680204801e-011, 1.83969089962e-011, 6.1435951812e-012, 3.03941559421e-011, 2.85045355375e-011, 1.39697090701e-011, 2.96642354777e-012, 4.33136209191e-012, 4.83038479007e-012, 5.287708639e-012, 5.08679296601e-012, 8.80251492356e-013, 8.70307948972e-013, 6.88727937528e-013, 6.06210285962e-013, 8.3682003384e-013]
    },
    "mfcc": {
        "mean": [-719.745300293, 149.458023071, 9.43841934204, 17.508687973, -1.99097931385, -2.6162776947, -15.3536634445, -5.06232643127, -2.24884724617, -1.16185879707, -0.664310932159, -2.46358537674, 0.832380592823],
        "cov": [[10701.3271484, 545.486572266, 305.293518066, 84.2336959839, -414.821655273, -0.63213968277, -360.562469482, 109.410514832, 125.271400452, 170.473693848, 38.2122917175, -84.4521636963, -96.2130737305], [545.486572266, 2381.37817383, -31.4969863892, 313.245117188, 362.960418701, 63.5757293701, 105.572654724, -83.1585235596, -21.8099651337, -22.5502738953, 71.3843078613, 137.327285767, 160.935684204], [305.293518066, -31.4969863892, 499.890167236, 44.5661659241, 56.3730697632, 52.2633323669, 55.0375823975, 40.8736228943, 63.9742240906, 49.491394043, 15.0727863312, 7.08220624924, -1.91054713726], [84.2336959839, 313.245117188, 44.5661659241, 280.457641602, 131.555130005, 72.8415374756, 57.0194168091, 8.86709785461, 21.9275798798, 4.27405405045, 28.3276519775, 29.9335517883, 39.915435791], [-414.821655273, 362.960418701, 56.3730697632, 131.555130005, 343.240631104, 42.1462745667, 103.459243774, -17.5431041718, 12.0263414383, -8.44468021393, 32.8216629028, 66.7449417114, 54.5585289001], [-0.63213968277, 63.5757293701, 52.2633323669, 72.8415374756, 42.1462745667, 183.45098877, 38.0951385498, 18.5497169495, 12.0294179916, 21.7636814117, 30.0646152496, 28.1618537903, 23.3723392487], [-360.562469482, 105.572654724, 55.0375823975, 57.0194168091, 103.459243774, 38.0951385498, 183.813537598, 30.5831890106, -3.13929319382, -4.06853580475, 19.4858570099, 38.5719528198, 36.655002594], [109.410514832, -83.1585235596, 40.8736228943, 8.86709785461, -17.5431041718, 18.5497169495, 30.5831890106, 136.625930786, 57.3838386536, 22.8164863586, 15.3398199081, 15.0389328003, 7.28790092468], [125.271400452, -21.8099651337, 63.9742240906, 21.9275798798, 12.0263414383, 12.0294179916, -3.13929319382, 57.3838386536, 178.466766357, 69.1602401733, 2.69573688507, 2.61712574959, -7.80875301361], [170.473693848, -22.5502738953, 49.491394043, 4.27405405045, -8.44468021393, 21.7636814117, -4.06853580475, 22.8164863586, 69.1602401733, 169.904632568, 78.5901794434, 15.7324199677, 12.631603241], [38.2122917175, 71.3843078613, 15.0727863312, 28.3276519775, 32.8216629028, 30.0646152496, 19.4858570099, 15.3398199081, 2.69573688507, 78.5901794434, 174.83555603, 82.2596817017, 37.4234924316], [-84.4521636963, 137.327285767, 7.08220624924, 29.9335517883, 66.7449417114, 28.1618537903, 38.5719528198, 15.0389328003, 2.61712574959, 15.7324199677, 82.2596817017, 169.558441162, 78.5571212769], [-96.2130737305, 160.935684204, -1.91054713726, 39.915435791, 54.5585289001, 23.3723392487, 36.655002594, 7.28790092468, -7.80875301361, 12.631603241, 37.4234924316, 78.5571212769, 153.581390381]],
