{
"lowlevel": {
    "average_loudness": 0.950139403343,
    "barkbands_crest": {
        "dmean": 2.46334290504,
        "dmean2": 3.75506567955,
        "dvar": 8.1200056076,
        "dvar2": 18.9650268555,
        "max": 26.3723773956,
        "mean": 17.102891922,
        "median": 18.112154007,
        "min": 2.429728508,
        "var": 25.9076080322
    },
    "barkbands_flatness_db": {
        "dmean": 0.0366818085313,
        "dmean2": 0.0486468560994,
        "dvar": 0.00186991610099,
        "dvar2": 0.0030777065549,
        "max": 0.633047759533,
        "mean": 0.217732995749,
        "median": 0.207378521562,
        "min": 0.029232788831,
        "var": 0.0073836450465
    },
    "barkbands_kurtosis": {
        "dmean": 22.4273014069,
        "dmean2": 34.7843360901,
        "dvar": 4659.78222656,
        "dvar2": 10746.7021484,
        "max": 1531.85241699,
        "mean": 30.7583198547,
        "median": 6.5232052803,
        "min": -1.96656084061,
        "var": 6601.76269531
    },
    "barkbands_skewness": {
        "dmean": 1.29562914371,
        "dmean2": 1.90305435658,
        "dvar": 3.93740129471,
        "dvar2": 8.50610160828,
        "max": 27.3337306976,
        "mean": 3.28043913841,
        "median": 2.4295501709,
        "min": -11.6931028366,
        "var": 9.90786457062
    },
    "barkbands_spread": {
        "dmean": 7.07712984085,
        "dmean2": 10.2204999924,
        "dvar": 117.321266174,
        "dvar2": 250.14831543,
        "max": 123.352249146,
        "mean": 16.7580375671,
        "median": 11.9907302856,
        "min": 0.0989529713988,
        "var": 270.254150391
    },
    "dissonance": {
        "dmean": 0.0325025692582,
        "dmean2": 0.05286629498,
        "dvar": 0.00105786917266,
        "dvar2": 0.00269442889839,
        "max": 0.500000119209,
        "mean": 0.44026145339,
        "median": 0.454520076513,
        "min": 0.149231642485,
        "var": 0.00261030974798
    },
    "dynamic_complexity": 3.06272482872,
    "erbbands_crest": {
        "dmean": 3.90237855911,
        "dmean2": 6.24606227875,
        "dvar": 12.9962120056,
        "dvar2": 29.6770439148,
        "max": 32.9100189209,
        "mean": 11.7289934158,
        "median": 10.4415712357,
        "min": 2.33456659317,
        "var": 33.0978622437
    },
    "erbbands_flatness_db": {
        "dmean": 0.0255145896226,
        "dmean2": 0.0376626439393,
        "dvar": 0.000652530230582,
        "dvar2": 0.00135856017005,
        "max": 0.432873278856,
        "mean": 0.1639059484,
        "median": 0.155125632882,
        "min": 0.0390878170729,
        "var": 0.00325095956214
    },
    "erbbands_kurtosis": {
        "dmean": 2.41781592369,
        "dmean2": 3.81887173653,
        "dvar": 14.806429863,
        "dvar2": 34.3498764038,
        "max": 75.4560699463,
        "mean": 2.5591647625,
        "median": 1.05231869221,
        "min": -1.91747772694,
        "var": 24.8095302582
    },
    "erbbands_skewness": {
        "dmean": 0.656891524792,
        "dmean2": 0.981372416019,
        "dvar": 0.477527976036,
        "dvar2": 1.01662945747,
        "max": 7.36608600616,
        "mean": 0.567201137543,
        "median": 0.556755125523,
        "min": -7.6012339592,
        "var": 1.37836265564
    },
    "erbbands_spread": {
        "dmean": 14.1442575455,
        "dmean2": 21.9335193634,
        "dvar": 358.441162109,
        "dvar2": 870.105712891,
        "max": 218.61529541,
        "mean": 38.9274902344,
        "median": 31.6936702728,
        "min": 1.39241099358,
        "var": 800.046020508
    },
    "hfc": {
        "dmean": 11.5099411011,
        "dmean2": 17.524307251,
        "dvar": 524.521789551,
        "dvar2": 1243.26000977,
        "max": 219.791488647,
        "mean": 22.5358028412,
        "median": 13.8546514511,
        "min": 1.09925427883e-016,
        "var": 791.374084473
    },
    "melbands_crest": {
        "dmean": 3.12218379974,
        "dmean2": 4.80986642838,
        "dvar": 14.3860683441,
        "dvar2": 33.4923820496,
        "max": 39.2163352966,
        "mean": 26.3574752808,
        "median": 28.5834522247,
        "min": 1.92876398563,
        "var": 55.793548584
    },
    "melbands_flatness_db": {
        "dmean": 0.0423824451864,
        "dmean2": 0.0545259416103,
        "dvar": 0.00240410794504,
        "dvar2": 0.00379879702814,
        "max": 0.761325597763,
        "mean": 0.307978898287,
        "median": 0.301752895117,
        "min": 0.00390441599302,
        "var": 0.011162314564
    },
    "melbands_kurtosis": {
        "dmean": 46.0687942505,
        "dmean2": 72.9255065918,
        "dvar": 17640.3652344,
        "dvar2": 42835.0195313,
        "max": 2649.2565918,
        "mean": 67.2665863037,
        "median": 17.749786377,
        "min": -1.88414359093,
        "var": 23516.1210938
    },
    "melbands_skewness": {
        "dmean": 1.76276540756,
        "dmean2": 2.61054086685,
        "dvar": 7.06797647476,
        "dvar2": 15.4269952774,
        "max": 43.685459137,
        "mean": 4.93544530869,
        "median": 3.63757109642,
        "min": -9.11575508118,
        "var": 19.0066261292
    },
    "melbands_spread": {
        "dmean": 6.47302150726,
        "dmean2": 9.54961872101,
        "dvar": 166.63861084,
        "dvar2": 415.079559326,
        "max": 261.281890869,
        "mean": 14.42628479,
        "median": 10.0504150391,
        "min": 0.0647400394082,
        "var": 291.312683105
    },
    "pitch_salience": {
        "dmean": 0.0770481526852,
        "dmean2": 0.119571104646,
        "dvar": 0.00766824511811,
        "dvar2": 0.0175548586994,
        "max": 0.945294618607,
        "mean": 0.362357795238,
        "median": 0.350865870714,
        "min": 0.0262807421386,
        "var": 0.0255209114403
    },
    "silence_rate_20dB": {
        "dmean": 0,
        "dmean2": 0,
        "dvar": 0,
        "dvar2": 0,
        "max": 1,
        "mean": 1,
        "median": 1,
        "min": 1,
        "var": 0
    },
    "silence_rate_30dB": {
        "dmean": 0.0417082086205,
        "dmean2": 0.0834233462811,
        "dvar": 0.0399687476456,
        "dvar2": 0.0816135406494,
        "max": 1,
        "mean": 0.955138325691,
        "median": 1,
        "min": 0,
        "var": 0.0428505241871
    },
    "silence_rate_60dB": {
        "dmean": 0.0112163508311,
        "dmean2": 0.02243456617,
        "dvar": 0.0110879708081,
        "dvar2": 0.0239221863449,
        "max": 1,
        "mean": 0.0430339798331,
        "median": 0,
        "min": 0,
        "var": 0.0411910116673
    },
    "spectral_centroid": {
        "dmean": 375.761535645,
        "dmean2": 543.031982422,
        "dvar": 259746.4375,
        "dvar2": 514210.09375,
        "max": 11540.2617188,
        "mean": 1255.82092285,
        "median": 1055.47314453,
        "min": 73.4295043945,
        "var": 718640.4375
    },
    "spectral_complexity": {
        "dmean": 4.2629609108,
        "dmean2": 6.10893249512,
        "dvar": 39.195980072,
        "dvar2": 63.1467628479,
        "max": 62,
        "mean": 12.7698764801,
        "median": 10,
        "min": 0,
        "var": 109.190818787
    },
    "spectral_decrease": {
        "dmean": 2.64367328029e-009,
        "dmean2": 3.82984666203e-009,
        "dvar": 2.61360668185e-017,
        "dvar2": 5.66876601427e-017,
        "max": 1.30030147234e-028,
        "mean": -1.35296049919e-008,
        "median": -1.43360194826e-008,
        "min": -5.10263049591e-008,
        "var": 5.86650717929e-017
    },
    "spectral_energy": {
        "dmean": 0.0106765720993,
        "dmean2": 0.0154664153233,
        "dvar": 0.000393117166823,
        "dvar2": 0.00085666985251,
        "max": 0.195616990328,
        "mean": 0.0531079247594,
        "median": 0.0558478794992,
        "min": 1.02722341927e-020,
        "var": 0.00088009488536
    },
    "spectral_energyband_high": {
        "dmean": 0.00100412592292,
        "dmean2": 0.00157899816986,
        "dvar": 6.15711815044e-006,
        "dvar2": 1.47774217112e-005,
        "max": 0.0229651089758,
        "mean": 0.00122718210332,
        "median": 0.000250472163316,
        "min": 7.51642543638e-021,
        "var": 7.85153042671e-006
    },
    "spectral_energyband_low": {
        "dmean": 0.00655210204422,
        "dmean2": 0.00893569830805,
        "dvar": 0.000266066665063,
        "dvar2": 0.000561835244298,
        "max": 0.161747843027,
        "mean": 0.0383845753968,
        "median": 0.0420081429183,
        "min": 3.13812654629e-023,
        "var": 0.000668061082251
    },
    "spectral_energyband_middle_high": {
        "dmean": 0.00204285653308,
        "dmean2": 0.00289286416955,
        "dvar": 1.00986289908e-005,
        "dvar2": 1.95826833078e-005,
        "max": 0.0603109039366,
        "mean": 0.00440756930038,
        "median": 0.00213773502037,
        "min": 1.40221442066e-021,
        "var": 3.47533095919e-005
    },
    "spectral_energyband_middle_low": {
        "dmean": 0.0058913519606,
        "dmean2": 0.00950793176889,
        "dvar": 9.14476695471e-005,
        "dvar2": 0.000241148954956,
        "max": 0.143895938993,
        "mean": 0.0102130426094,
        "median": 0.00663796858862,
        "min": 2.09255364177e-022,
        "var": 0.000133804060169
    },
    "spectral_entropy": {
        "dmean": 0.28487148881,
        "dmean2": 0.409923732281,
        "dvar": 0.10190217942,
        "dvar2": 0.194391697645,
        "max": 9.81220722198,
        "mean": 7.39431667328,
        "median": 7.41779613495,
        "min": 4.94387531281,
        "var": 0.377990782261
    },
    "spectral_flux": {
        "dmean": 0.0345702432096,
        "dmean2": 0.0544671192765,
        "dvar": 0.00214800122194,
        "dvar2": 0.00402292888612,
        "max": 0.389041095972,
        "mean": 0.0884523168206,
        "median": 0.0721276849508,
        "min": 6.59309620787e-011,
        "var": 0.00459862872958
    },
    "spectral_kurtosis": {
        "dmean": 2.04751253128,
        "dmean2": 3.17235922813,
        "dvar": 8.27310085297,
        "dvar2": 19.9056682587,
        "max": 58.2676086426,
        "mean": 5.07194709778,
        "median": 4.26413583755,
        "min": -1.60999345779,
        "var": 18.3173007965
    },
    "spectral_rms": {
        "dmean": 0.000692185130902,
        "dmean2": 0.00098559143953,
        "dvar": 1.26137672396e-006,
        "dvar2": 2.60368869931e-006,
        "max": 0.0138146970421,
        "mean": 0.00682617258281,
        "median": 0.00738144526258,
        "min": 3.16570554493e-012,
        "var": 5.21583888258e-006
    },
    "spectral_rolloff": {
        "dmean": 498.956176758,
        "dmean2": 842.374145508,
        "dvar": 1545054,
        "dvar2": 3620133.75,
        "max": 19595.2148438,
        "mean": 912.154785156,
        "median": 473.73046875,
        "min": 21.533203125,
        "var": 2634755
    },
    "spectral_skewness": {
        "dmean": 0.336048483849,
        "dmean2": 0.482731997967,
        "dvar": 0.134215056896,
        "dvar2": 0.276470333338,
        "max": 6.05001020432,
        "mean": 1.73467814922,
        "median": 1.70812630653,
        "min": -0.95135641098,
        "var": 0.474791109562
    },
    "spectral_spread": {
        "dmean": 991302.6875,
        "dmean2": 1437736.125,
        "dvar": 2.0752114647e+012,
        "dvar2": 3.98078063411e+012,
        "max": 41793520,
        "mean": 5427069.5,
        "median": 4779822.5,
        "min": 1232846.25,
        "var": 6.55775183667e+012
    },
    "spectral_strongpeak": {
        "dmean": 0.203232005239,
        "dmean2": 0.337191015482,
        "dvar": 0.333877205849,
        "dvar2": 0.822708845139,
        "max": 15.3200654984,
        "mean": 0.662709474564,
        "median": 0.536033153534,
        "min": 0,
        "var": 0.533300817013
    },
    "zerocrossingrate": {
        "dmean": 0.0114087667316,
        "dmean2": 0.0134496632963,
        "dvar": 0.000299078907119,
        "dvar2": 0.000391325389501,
        "max": 0.51806640625,
        "mean": 0.0359460525215,
        "median": 0.02490234375,
        "min": 0.0009765625,
        "var": 0.00158779649064
    },
    "barkbands": {
        "dmean": [0.000803240342066, 0.00542067084461, 0.00197088881396, 0.000984085141681, 0.00113521295134, 0.00174948037602, 0.00136677059345, 0.00150001700968, 0.000976718263701, 0.000985452439636, 0.000363596220268, 0.000419446267188, 0.000407769781305, 0.000260422471911, 0.000282149732811, 0.000176117377123, 0.000214890271309, 0.000173569147591, 0.000194269479834, 0.000252253084909, 0.000201133967494, 0.000181939089089, 0.00017054406635, 0.000172480387846, 0.00013716481044, 8.48341805977e-005, 1.48115695993e-005],
        "dmean2": [0.00126996240579, 0.00740635953844, 0.00367882358842, 0.001733402838, 0.00178175093606, 0.00300675933249, 0.00230915332213, 0.00228264834732, 0.00150461611338, 0.00142677628901, 0.00055233045714, 0.000652545306366, 0.000642285158392, 0.000408211053582, 0.000425623496994, 0.00026440244983, 0.000329973554472, 0.000260704633547, 0.000299286446534, 0.000412578025134, 0.000324430759065, 0.000281322543742, 0.000267975148745, 0.00027241173666, 0.000220397108933, 0.000140015923535, 2.51455458056e-005],
        "dvar": [5.19104332852e-006, 0.000180751128937, 8.09288758319e-005, 1.08442882265e-005, 6.547205885e-006, 2.71383432846e-005, 1.60534182214e-005, 1.08096146505e-005, 6.08160007687e-006, 5.87170461586e-006, 1.02897320176e-006, 1.315497002e-006, 1.09876259557e-006, 5.68169809867e-007, 5.69967653519e-007, 1.7853317047e-007, 2.34101207752e-007, 1.87841408206e-007, 2.80342646874e-007, 7.00143118593e-007, 3.99863466782e-007, 2.11350027257e-007, 1.75476344566e-007, 2.00995430077e-007, 1.6241335743e-007, 8.29374613431e-008, 2.94479352014e-009],
        "dvar2": [1.42919843711e-005, 0.000393579801312, 0.000235910672927, 3.19426108035e-005, 1.55802335939e-005, 7.65514050727e-005, 4.124170664e-005, 2.43923768721e-005, 1.35130267154e-005, 1.20852382679e-005, 2.03294325729e-006, 3.01322688756e-006, 2.5317995096e-006, 1.33365108468e-006, 1.16602370781e-006, 3.88281534924e-007, 5.39556936019e-007, 4.23614636702e-007, 6.49640867323e-007, 1.84833038475e-006, 9.95202981358e-007, 4.85006125928e-007, 4.16863542796e-007, 4.61559125142e-007, 3.83452032793e-007, 2.09772494486e-007, 7.7473680804e-009],
        "max": [0.0873625352979, 0.131301194429, 0.07910618186, 0.0477794334292, 0.0593243576586, 0.0791334211826, 0.141234472394, 0.0693875253201, 0.0688523054123, 0.0698723420501, 0.0409746281803, 0.0231555141509, 0.020799452439, 0.0202063024044, 0.0421768240631, 0.0137562649325, 0.0128664718941, 0.0213388185948, 0.00870891101658, 0.0110871754587, 0.00784938596189, 0.00591962318867, 0.00526550691575, 0.0108608994633, 0.0079229241237, 0.0042062131688, 0.000735156878363],
        "mean": [0.00330557278357, 0.032674934715, 0.00165486882906, 0.00133968133014, 0.00147751369514, 0.0016753312666, 0.00152367807459, 0.00205387314782, 0.00136388058309, 0.0014200261794, 0.000475582404761, 0.000525497773197, 0.000574161706027, 0.000317589845508, 0.000377305084839, 0.000260383880232, 0.000286503374809, 0.000230452991673, 0.000229300436331, 0.000239747314481, 0.000205167831155, 0.000208844896406, 0.000208079305594, 0.000201436560019, 0.000160997937201, 0.000100944715086, 1.65576784639e-005],
        "median": [0.00349472905509, 0.0366149581969, 0.00023713131668, 0.000458651222289, 0.000395594921429, 0.000195463740965, 0.000187255762285, 0.000329072761815, 0.000221678521484, 0.000181631970918, 5.99384002271e-005, 7.36652509659e-005, 7.45455181459e-005, 5.24658426002e-005, 6.75258124829e-005, 4.83234762214e-005, 6.00955645496e-005, 5.88838956901e-005, 4.15389222326e-005, 3.58141223842e-005, 2.78413845081e-005, 4.04008169426e-005, 3.32983836415e-005, 2.88920637104e-005, 2.02009396162e-005, 9.22002072912e-006, 9.97226266009e-007],
        "min": [1.25869443024e-024, 7.13640730212e-024, 2.44190019667e-024, 9.69010624678e-024, 2.31102829082e-023, 1.61280939687e-023, 2.56539396535e-023, 9.92270425126e-024, 3.50514471354e-023, 6.00377296286e-023, 4.4271044395e-023, 4.16303546028e-023, 6.77504794969e-023, 6.95177361839e-023, 1.53196080975e-022, 1.24776868304e-022, 5.25050735495e-023, 1.39828246023e-022, 1.85447302244e-022, 2.84327331155e-022, 3.16581846707e-022, 3.89546204539e-022, 5.34798822229e-022, 8.31520988362e-022, 9.44266352088e-022, 1.50379597632e-021, 2.21538516646e-021],
        "var": [9.73171790974e-006, 0.00045452354243, 4.96507200296e-005, 8.66112895892e-006, 9.07937283046e-006, 2.09008976526e-005, 2.23098813876e-005, 1.95520678972e-005, 1.31254237203e-005, 1.23636091303e-005, 2.14690157918e-006, 2.02503156288e-006, 2.05616129278e-006, 7.46182251987e-007, 1.05806441297e-006, 4.01803220029e-007, 3.71890280348e-007, 3.06350329993e-007, 3.4710728869e-007, 5.97694167936e-007, 4.00471890316e-007, 2.63664134081e-007, 2.52547238233e-007, 2.87440485636e-007, 2.20013461671e-007, 1.3103282015e-007, 3.91648669051e-009]
    },
    "erbbands": {
        "dmean": [0.269126951694, 1.03177607059, 2.253023386, 2.91350436211, 3.04515743256, 4.18176794052, 5.75951385498, 17.9847412109, 20.616268158, 22.0200595856, 33.3734169006, 22.6263599396, 34.7747764587, 16.4580478668, 15.9873514175, 15.1687164307, 18.030040741, 13.8332271576, 13.8618516922, 10.9975538254, 9.69450187683, 11.7636051178, 9.28396224976, 10.1424913406, 10.5801944733, 12.1762294769, 9.38710212708, 6.78668165207, 6.59937906265, 5.9441242218, 4.76936626434, 3.84627699852, 2.75869631767, 1.57435274124, 0.973831951618, 0.443428784609, 0.146502494812, 0.0266714598984, 0.00273029180244, 7.16392678441e-005],
        "dmean2": [0.388028502464, 1.56462073326, 4.1520819664, 5.27180242538, 5.09411048889, 6.5101852417, 9.32618236542, 31.2186222076, 35.133102417, 35.3869400024, 50.2646980286, 34.6732139587, 49.9667167664, 24.2773132324, 24.0610790253, 23.2468891144, 27.7340927124, 21.4371109009, 20.2152004242, 16.7179698944, 14.3529806137, 18.0451850891, 13.8247585297, 15.5302801132, 16.6034374237, 19.7659645081, 15.4565448761, 10.5079679489, 10.2102651596, 9.25357723236, 7.58896780014, 6.10090684891, 4.34661579132, 2.51314926147, 1.57898151875, 0.72199678421, 0.244174689054, 0.0449495539069, 0.00462640635669, 0.000118253577966],
        "dvar": [0.383928656578, 9.97145080566, 102.460922241, 122.94178009, 79.3614349365, 89.7084350586, 151.323059082, 3292.52075195, 3281.77441406, 2945.49560547, 5166.10888672, 3540.63671875, 7719.54785156, 2028.36010742, 1791.95666504, 1610.15026855, 2090.47827148, 1479.89550781, 1150.96838379, 1092.94140625, 491.880096436, 776.72265625, 409.629943848, 801.450256348, 985.616882324, 1665.53637695, 998.754394531, 351.392272949, 283.324310303, 214.480804443, 147.245407104, 102.853218079, 55.1231117249, 22.1902599335, 8.59226608276, 2.12495827675, 0.26667919755, 0.00870303343982, 0.000102004349174, 5.33208535103e-008],
        "dvar2": [0.851780354977, 25.354642868, 294.438049316, 363.650054932, 215.767379761, 207.896743774, 366.658447266, 9341.41015625, 8393.96972656, 7001.85644531, 11661.6171875, 7857.03955078, 16357.2402344, 4325.85351563, 3850.97802734, 3628.78808594, 4625.28564453, 3496.07250977, 2442.38671875, 2248.8918457, 1062.04504395, 1854.3692627, 915.524902344, 1939.5098877, 2410.43017578, 4343.90869141, 2594.49316406, 827.721130371, 665.579467773, 479.700744629, 361.123901367, 245.51322937, 125.377006531, 51.3287124634, 21.0612640381, 5.28354120255, 0.682761609554, 0.0226604677737, 0.000268013915047, 1.38613529543e-007],
        "max": [6.34576892853, 32.0817222595, 83.0987930298, 144.993057251, 178.632781982, 202.457794189, 259.803741455, 957.366577148, 2150.86303711, 1427.41333008, 1355.61071777, 2107.02661133, 2801.7421875, 1279.75708008, 1325.20776367, 954.38861084, 946.802185059, 1125.88757324, 889.49798584, 2318.11938477, 723.83581543, 614.680236816, 490.026428223, 1203.61315918, 330.238067627, 554.45123291, 390.641235352, 249.088546753, 221.034072876, 184.37638855, 154.684539795, 183.879562378, 223.024627686, 113.083282471, 61.4220962524, 21.4669075012, 7.50401973724, 1.14360499382, 0.141775131226, 0.00396891869605],
        "mean": [1.73293864727, 4.1387386322, 2.20418024063, 3.82807183266, 3.76457166672, 5.17902040482, 6.95763254166, 16.5655250549, 22.01836586, 27.6520462036, 46.6343421936, 33.6183662415, 51.0298919678, 24.4432601929, 22.9734573364, 20.6573047638, 26.530626297, 19.2446422577, 19.6030826569, 16.1379089355, 15.0623531342, 15.5010271072, 12.7795686722, 12.6437520981, 11.475733757, 11.6893720627, 8.92584228516, 7.62203454971, 7.46660375595, 7.03803491592, 5.6884188652, 4.45266819, 3.17341089249, 1.84633135796, 1.10692846775, 0.534126520157, 0.171208351851, 0.0306306891143, 0.00306855770759, 0.000131987049826],
        "median": [1.92054212093, 4.25916814804, 0.676475405693, 1.18968069553, 1.12849664688, 1.22717058659, 1.66770136356, 1.66043829918, 2.84692072868, 6.78790569305, 9.53991699219, 8.65218544006, 7.87247943878, 4.43467569351, 3.79003310204, 3.66683006287, 3.89345479012, 3.99414873123, 4.03762865067, 3.66335558891, 3.37870502472, 3.36402225494, 3.32910323143, 2.8283033371, 1.9606590271, 1.80685186386, 1.13617789745, 1.29658269882, 1.43487846851, 1.12674605846, 0.88047349453, 0.65478259325, 0.427184164524, 0.242412284017, 0.129625961185, 0.0502834431827, 0.0146569116041, 0.00256419694051, 0.000190996433957, 7.08392908564e-005],
        "min": [1.32106231772e-022, 2.20658890036e-021, 3.97997184326e-021, 2.1669807219e-020, 5.11752766609e-020, 6.71587616214e-020, 1.44608929608e-019, 1.15240722065e-019, 3.25333572887e-019, 2.90127861287e-019, 2.83291291073e-019, 9.37558766311e-019, 1.82630188236e-018, 2.08078937449e-018, 1.46684361954e-018, 2.43398722424e-018, 3.18231167503e-018, 3.76851741114e-018, 7.12357107465e-018, 5.73311148422e-018, 8.75479853956e-018, 4.58464978585e-018, 7.28628163704e-018, 8.91819566186e-018, 1.03056405925e-017, 1.42321089688e-017, 8.06685558516e-018, 1.33479976506e-017, 1.46398759236e-017, 1.4172786884e-017, 1.70014947704e-017, 1.67153928489e-017, 1.45851926677e-017, 9.93799934212e-018, 7.61767914175e-018, 6.0327795814e-018, 2.50720035988e-018, 1.12311595382e-018, 2.79168933093e-019, 3.1150865774e-020],
        "var": [1.20222175121, 12.6220598221, 66.0460281372, 86.5597305298, 76.842124939, 128.4818573, 216.025283813, 2417.38500977, 3826.62988281, 4741.55810547, 8977.77636719, 7732.20898438, 16657.6855469, 4155.25976563, 3540.95141602, 2691.54345703, 4213.23730469, 2105.89648438, 2041.32324219, 2120.46630859, 1119.72729492, 1134.60888672, 690.100463867, 1030.07971191, 1050.02929688, 1451.11401367, 882.041931152, 417.135070801, 340.205566406, 296.537414551, 194.623641968, 139.267349243, 77.1141662598, 29.6540355682, 11.0639457703, 3.43898391724, 0.40725544095, 0.0120670553297, 0.000137788578286, 7.29583575776e-008]
    },
    "gfcc": {
        "mean": [-24.6282444, 80.2653579712, -89.7824707031, 29.2906093597, -49.8974914551, 24.2240257263, -22.3309459686, 23.3345565796, -6.01757097244, 10.2237873077, -9.5762386322, 3.53441882133, -7.5220375061],
        "cov": [[9191.32617188, -1227.90393066, -354.88293457, 474.318084717, -6.95772838593, 346.848724365, -96.7908554077, 338.369506836, 31.2496128082, 488.863922119, 81.0096206665, 443.639984131, -71.0423126221], [-1227.90393066, 2009.69628906, 136.86126709, -147.696685791, 326.256286621, -42.9177932739, 271.285186768, -105.52696991, 62.7755470276, -117.434570313, 100.502906799, -134.131011963, 84.3908538818], [-354.88293457, 136.86126709, 1757.3638916, 686.60559082, 258.00088501, 247.044891357, 52.7448577881, 120.581939697, 116.840248108, 116.339904785, 37.2088890076, -44.2081298828, 31.6703414917], [474.318084717, -147.696685791, 686.60559082, 941.676391602, 349.615020752, 171.762924194, 86.6084213257, 130.525314331, 182.260681152, 124.801208496, 53.7245407104, -12.6189889908, 61.7805290222], [-6.95772838593, 326.256286621, 258.00088501, 349.615020752, 618.109191895, 293.770996094, 211.644897461, 123.371124268, 162.889938354, 97.0558319092, 70.4009475708, -6.20506620407, 65.47315979], [346.848724365, -42.9177932739, 247.044891357, 171.762924194, 293.770996094, 596.432006836, 309.023193359, 147.657546997, 85.8915939331, 101.235717773, 66.47605896, 19.3875160217, 32.8922538757], [-96.7908554077, 271.285186768, 52.7448577881, 86.6084213257, 211.644897461, 309.023193359, 511.484130859, 133.990264893, 86.9465866089, 41.5505714417, 46.0004196167, -0.0996276810765, 33.640586853], [338.369506836, -105.52696991, 120.581939697, 130.525314331, 123.371124268, 147.657546997, 133.990264893, 287.444732666, 141.350921631, 53.4312171936, 34.2241897583, 35.7277946472, 21.8675708771], [31.2496128082, 62.7755470276, 116.840248108, 182.260681152, 162.889938354, 85.8915939331, 86.9465866089, 141.350921631, 279.907989502, 90.0429000854, 23.6526069641, -7.08454465866, 31.791009903], [488.863922119, -117.434570313, 116.339904785, 124.801208496, 97.0558319092, 101.235717773, 41.5505714417, 53.4312171936, 90.0429000854, 216.072799683, 65.4839324951, 19.3971633911, -2.78753328323], [81.0096206665, 100.502906799, 37.2088890076, 53.7245407104, 70.4009475708, 66.47605896, 46.0004196167, 34.2241897583, 23.6526069641, 65.4839324951, 161.9715271, 59.0963630676, 20.6892032623], [443.639984131, -134.131011963, -44.2081298828, -12.6189889908, -6.20506620407, 19.3875160217, -0.0996276810765, 35.7277946472, -7.08454465866, 19.3971633911, 59.0963630676, 186.595687866, 50.4201507568], [-71.0423126221, 84.3908538818, 31.6703414917, 61.7805290222, 65.47315979, 32.8922538757, 33.640586853, 21.8675708771, 31.791009903, -2.78753328323, 20.6892032623, 50.4201507568, 124.937530518]],
        "icov": [[0.000185557393706, -8.07304313639e-005, 0.000145678583067, -0.000234122620896, 0.000138357529067, -0.000188030317076, 0.000178880087333, -0.000266324379481, 0.000227632961469, -0.000498055189382, 0.000349437177647, -0.000537820975296, 0.000304476561723], [-8.07304313639e-005, 0.00110055459663, -0.000361358223017, 0.000732241547666, -0.00085542560555, 0.000768691708799, -0.000826691102702, 0.000833731726743, -0.000567427719943, 0.00106132833753, -0.00136693671811, 0.00120347435586, -0.000828452350106], [0.000145678583067, -0.000361358223017, 0.00103382894304, -0.000950977497268, 0.000400449498557, -0.00061894103419, 0.000523873022757, -0.000532818725333, 0.000437156064436, -0.000714419351425, 0.000613918469753, -0.000456031411886, 0.000395599025069], [-0.000234122620896, 0.000732241547666, -0.000950977497268, 0.00255721039139, -0.00133524276316, 0.000818351691123, -0.000576626684051, 0.00060782302171, -0.000984365702607, 0.00077597174095, -0.00120435340796, 0.00137353339233, -0.00120510766283], [0.000138357529067, -0.00085542560555, 0.000400449498557, -0.00133524276316, 0.00354325026274, -0.00153820752166, 0.000361733924365, -0.000618832942564, -0.000240381821641, -0.00104223494418, 0.000623180880211, -0.000631314294878, -3.62238242815e-005], [-0.000188030317076, 0.000768691708799, -0.00061894103419, 0.000818351691123, -0.00153820752166, 0.00374719290994, -0.00203865487128, 8.5382409452e-005, 3.56228592864e-005, 0.000260560773313, -0.00120392662939, 0.00100292998832, -0.000728991697542], [0.000178880087333, -0.000826691102702, 0.000523873022757, -0.000576626684051, 0.000361733924365, -0.00203865487128, 0.00382568640634, -0.00145912298467, 0.000383385020541, -0.000730661151465, 0.000843875575811, -0.000719887146261, 0.000421813048888], [-0.000266324379481, 0.000833731726743, -0.000532818725333, 0.00060782302171, -0.000618832942564, 8.5382409452e-005, -0.00145912298467, 0.00635008094832, -0.00312738004141, 0.00164446793497, -0.00137356633786, 0.000124183454318, -0.000287023838609], [0.000227632961469, -0.000567427719943, 0.000437156064436, -0.000984365702607, -0.000240381821641, 3.56228592864e-005, 0.000383385020541, -0.00312738004141, 0.00657730083913, -0.00286183855496, 0.00139700167347, -8.93975666258e-005, -0.000483338575577], [-0.000498055189382, 0.00106132833753, -0.000714419351425, 0.00077597174095, -0.00104223494418, 0.000260560773313, -0.000730661151465, 0.00164446793497, -0.00286183855496, 0.00859664008021, -0.00398120423779, 0.00168996723369, 8.10613346403e-005], [0.000349437177647, -0.00136693671811, 0.000613918469753, -0.00120435340796, 0.000623180880211, -0.00120392662939, 0.000843875575811, -0.00137356633786, 0.00139700167347, -0.00398120423779, 0.0102530000731, -0.004449875094, 0.00121915189084], [-0.000537820975296, 0.00120347435586, -0.000456031411886, 0.00137353339233, -0.000631314294878, 0.00100292998832, -0.000719887146261, 0.000124183454318, -8.93975666258e-005, 0.00168996723369, -0.004449875094, 0.00981339812279, -0.00460641086102], [0.000304476561723, -0.000828452350106, 0.000395599025069, -0.00120510766283, -3.62238242815e-005, -0.000728991697542, 0.000421813048888, -0.000287023838609, -0.000483338575577, 8.10613346403e-005, 0.00121915189084, -0.00460641086102, 0.0111618079245]]
    },
    "melbands": {
        "dmean": [0.00179930147715, 0.00117691094056, 0.00049813487567, 0.000242313006311, 0.000201137998374, 0.000387526670238, 0.000315567012876, 0.000254075159319, 0.000258592393948, 0.000144370293128, 0.000175401073648, 7.08357183612e-005, 5.07738513988e-005, 4.9449125072e-005, 3.97734438593e-005, 4.09980239056e-005, 2.63174988504e-005, 2.28115168284e-005, 1.96651690203e-005, 1.34546480695e-005, 1.19950436783e-005, 1.32537197715e-005, 9.40552217799e-006, 8.68571987667e-006, 8.4587973106e-006, 7.44740646041e-006, 8.69033283379e-006, 7.85033898865e-006, 6.33491981716e-006, 4.37209700976e-006, 3.83158749173e-006, 3.71254122911e-006, 3.73553416466e-006, 3.28613623424e-006, 3.05857497551e-006, 2.07999687518e-006, 2.54605993177e-006, 2.12485861084e-006, 1.44209741393e-006, 1.35680818403e-006],
        "dmean2": [0.00254099839367, 0.0020133885555, 0.000894036260433, 0.000382518541301, 0.000322082429193, 0.000670706853271, 0.000536496983841, 0.000403206679039, 0.000388254964491, 0.000221196562052, 0.000252923142398, 0.000105984487163, 7.67748351791e-005, 7.64202559367e-005, 6.07830043009e-005, 6.3760773628e-005, 4.14090609411e-005, 3.41864397342e-005, 2.98810336972e-005, 2.04139396374e-005, 1.81743671419e-005, 2.05687319976e-005, 1.43263168866e-005, 1.30848675326e-005, 1.30627340695e-005, 1.15065849968e-005, 1.41256696224e-005, 1.27621715365e-005, 1.05251438072e-005, 7.05904176357e-006, 5.85050429436e-006, 5.72881663174e-006, 5.88940838497e-006, 5.13351142217e-006, 4.92486333314e-006, 3.26362010128e-006, 4.08228652304e-006, 3.36968560077e-006, 2.2657734462e-006, 2.18227410187e-006],
        "dvar": [1.78701193363e-005, 2.13036437344e-005, 3.42649263985e-006, 3.46517737171e-007, 1.72072617488e-007, 1.45840499499e-006, 7.69202017636e-007, 3.48027384689e-007, 2.94804181067e-007, 1.52554576971e-007, 1.93425876205e-007, 4.14927150416e-008, 1.88589019956e-008, 1.81747648043e-008, 1.17888250273e-008, 1.27907719971e-008, 5.97138072322e-009, 3.64662522401e-009, 3.74208219966e-009, 1.26804677869e-009, 8.18353274035e-010, 9.93013782313e-010, 4.51015363945e-010, 4.55213422512e-010, 5.79391812305e-010, 4.46545245225e-010, 8.02007238399e-010, 6.68997190978e-010, 4.72729022594e-010, 1.81707107694e-010, 9.92285559276e-011, 8.82784262357e-011, 9.75378111612e-011, 6.4911132025e-011, 6.25687349154e-011, 2.91512196327e-011, 4.52617179847e-011, 3.36870115136e-011, 1.71870243731e-011, 1.78606122947e-011],
        "dvar2": [3.77656251658e-005, 5.89318333368e-005, 1.00450524769e-005, 8.27811334148e-007, 4.10372138049e-007, 4.13589486925e-006, 1.98486645786e-006, 8.14492636891e-007, 6.63492699005e-007, 3.37225600333e-007, 4.08853907174e-007, 8.85295108333e-008, 3.84447957913e-008, 4.11595735272e-008, 2.47276830123e-008, 2.92727033724e-008, 1.40263898274e-008, 8.05014988003e-009, 7.79453301902e-009, 2.9278386382e-009, 1.8143506697e-009, 2.36230901507e-009, 1.0404105355e-009, 1.0135341455e-009, 1.42575085071e-009, 1.04965147685e-009, 2.07802597352e-009, 1.74954695176e-009, 1.25495536185e-009, 4.48533654662e-010, 2.24681620531e-010, 2.08897232845e-010, 2.27738286562e-010, 1.45511089289e-010, 1.56191476419e-010, 6.85875592432e-011, 1.08835156165e-010, 7.78045822214e-011, 3.84583441482e-011, 4.20936341339e-011],
        "max": [0.04251145944, 0.0398812815547, 0.0239175744355, 0.0163505766541, 0.00716211786494, 0.019070463255, 0.0327250212431, 0.0127491541207, 0.00957370735705, 0.0138327684253, 0.0138417277485, 0.00507992738858, 0.00564053468406, 0.00269357929938, 0.00308861909434, 0.00238555343822, 0.00212901621126, 0.001730128075, 0.00346576375887, 0.0012593169231, 0.000748987775296, 0.000928908120841, 0.000361891579814, 0.000867105438374, 0.00103828124702, 0.000361226149835, 0.000339489022736, 0.000359203928383, 0.000257459032582, 0.000194210631889, 0.000159898103448, 0.000144496021676, 0.000135139402119, 0.000115480186651, 0.000104244041722, 0.000111561777885, 0.000130415210151, 0.000183339812793, 0.000103430247691, 0.000102135825728],
        "mean": [0.0115741649643, 0.00238321721554, 0.00063881452661, 0.000309819297399, 0.000249451084528, 0.000362074526493, 0.000339767924743, 0.000329696922563, 0.000357521261321, 0.000207353790756, 0.00025337774423, 9.9278135167e-005, 6.97921132087e-005, 6.42197701382e-005, 5.13571721967e-005, 5.75266276428e-005, 3.27439665853e-005, 3.01406798826e-005, 2.6083765988e-005, 1.96457694983e-005, 1.7284297428e-005, 1.68848091562e-005, 1.21260964079e-005, 1.12562220238e-005, 1.01201640064e-005, 8.42070312501e-006, 8.22447600513e-006, 7.48362526792e-006, 5.77063474339e-006, 4.54690871265e-006, 4.3637660383e-006, 4.21204595114e-006, 4.06611798098e-006, 3.94815424443e-006, 3.52461074726e-006, 2.55827058027e-006, 2.80779431705e-006, 2.36185769609e-006, 1.68685301105e-006, 1.53303369643e-006],
        "median": [0.0130499489605, 0.00186161347665, 0.000238896725932, 7.30315223336e-005, 6.20461069047e-005, 3.48993416992e-005, 3.99094897148e-005, 7.70769402152e-005, 6.75663468428e-005, 3.74515875592e-005, 3.49055153492e-005, 1.44140876728e-005, 1.01697960417e-005, 1.00381339507e-005, 7.28332634026e-006, 7.30662713977e-006, 5.63105959372e-006, 5.44926888324e-006, 4.80677908854e-006, 3.49718857251e-006, 3.58678971679e-006, 3.28600413013e-006, 2.62837261289e-006, 2.7318778848e-006, 1.84993950825e-006, 1.38636676184e-006, 9.88289116322e-007, 1.08386109332e-006, 6.25079792371e-007, 5.02991099438e-007, 7.060147027e-007, 8.3359935843e-007, 5.4412356576e-007, 5.55377084765e-007, 4.85232817482e-007, 3.95767898453e-007, 3.4971864693e-007, 2.98743970006e-007, 2.15594340602e-007, 1.83094016393e-007],
        "min": [2.4924715055e-024, 3.84687626001e-024, 4.19494732937e-024, 5.39537669037e-024, 4.84003241816e-024, 3.14231776428e-024, 4.97246520363e-024, 3.13164506788e-024, 2.18012281894e-024, 5.28589660179e-024, 9.24221232404e-024, 8.70967835933e-024, 4.3318596615e-024, 4.86720907077e-024, 7.6663246152e-024, 5.00805584666e-024, 6.815526296e-024, 9.74269250358e-024, 1.2536621682e-023, 5.67711481279e-024, 1.02783030258e-023, 3.10577752994e-024, 5.49564801117e-024, 5.86181909957e-024, 6.11867694348e-024, 7.36850043562e-024, 4.65912136904e-024, 8.91417792723e-024, 4.40424001613e-024, 7.41756363962e-024, 7.46481719671e-024, 8.00719141234e-024, 7.85589656819e-024, 7.62097852378e-024, 7.95971697421e-024, 8.1630766381e-024, 9.94728357935e-024, 9.54133654638e-024, 8.80662857572e-024, 7.42229207189e-024],
        "var": [5.33776765224e-005, 1.64168577612e-005, 2.42652095039e-006, 4.57436414081e-007, 2.57247904756e-007, 1.0891429838e-006, 9.34551962928e-007, 5.95134793002e-007, 5.09130643422e-007, 3.37348637913e-007, 4.18375975642e-007, 8.14645275682e-008, 3.85591505392e-008, 2.87671166888e-008, 2.07979962141e-008, 2.27967831279e-008, 7.95144394772e-009, 5.54162316035e-009, 6.47451914304e-009, 2.44795383963e-009, 1.62755853239e-009, 1.46819689739e-009, 6.70828392835e-010, 7.39166727826e-010, 7.2113404137e-010, 5.27081767121e-010, 7.21411097526e-010, 5.80792525184e-010, 3.95213667348e-010, 1.89560797614e-010, 1.27803240213e-010, 1.04519413957e-010, 1.16793796856e-010, 9.61845811331e-011, 7.74251843194e-011, 4.50798218199e-011, 5.88991910799e-011, 4.50194291568e-011, 2.47421666488e-011, 2.24040942048e-011]
    },
    "mfcc": {
        "mean": [-679.94342041, 116.870750427, 19.8633861542, 18.2404327393, 8.39428138733, 8.29918575287, 3.68361377716, 14.6957607269, 10.6884660721, 13.5759315491, 11.315738678, 6.818338871, 2.99180555344],
        "cov": [[8648.40234375, -1099.10083008, -786.532592773, 147.254013062, -70.1778564453, 181.64781189, -35.9470710754, 31.474571228, -27.8596687317, 43.5337638855, 57.496509552, 178.191772461, 244.251190186], [-1099.10083008, 1909.39550781, -38.7377052307, -52.5468864441, 20.961057663, 70.8956832886, 167.780029297, 52.2250709534, 36.2304267883, -12.7824678421, 26.4348621368, 14.8452119827, -21.9377307892], [-786.532592773, -38.7377052307, 1422.07849121, 442.076141357, 309.002685547, 172.098556519, 111.498069763, 25.5519256592, 87.8011474609, 125.932411194, 51.3573150635, 33.832950592, 42.2548217773], [147.254013062, -52.5468864441, 442.076141357, 800.588562012, 349.01675415, 138.903884888, 43.6277198792, 32.3330459595, 128.851760864, 114.152770996, 51.5489120483, 70.2572402954, 80.7199630737], [-70.1778564453, 20.961057663, 309.002685547, 349.01675415, 583.756530762, 197.287384033, 65.7830276489, 72.1311340332, 133.788589478, 143.42300415, 77.9727783203, 72.8523864746, 61.4832077026], [181.64781189, 70.8956832886, 172.098556519, 138.903884888, 197.287384033, 491.887176514, 277.433013916, 123.412895203, 161.412384033, 137.832092285, 113.822135925, 103.918243408, 37.1816596985], [-35.9470710754, 167.780029297, 111.498069763, 43.6277198792, 65.7830276489, 277.433013916, 429.72668457, 173.164627075, 111.50479126, 94.7991638184, 82.1705474854, 84.9044265747, 29.4200935364], [31.474571228, 52.2250709534, 25.5519256592, 32.3330459595, 72.1311340332, 123.412895203, 173.164627075, 320.214141846, 157.56628418, 79.0342178345, 81.1144714355, 53.1450424194, 27.3128643036], [-27.8596687317, 36.2304267883, 87.8011474609, 128.851760864, 133.788589478, 161.412384033, 111.50479126, 157.56628418, 287.08380127, 150.448562622, 90.00340271, 59.5074424744, 16.0828075409], [43.5337638855, -12.7824678421, 125.932411194, 114.152770996, 143.42300415, 137.832092285, 94.7991638184, 79.0342178345, 150.448562622, 256.435943604, 120.246269226, 52.2875366211, 21.2471981049], [57.496509552, 26.4348621368, 51.3573150635, 51.5489120483, 77.9727783203, 113.822135925, 82.1705474854, 81.1144714355, 90.00340271, 120.246269226, 216.052963257, 78.5333709717, 27.3295860291], [178.191772461, 14.8452119827, 33.832950592, 70.2572402954, 72.8523864746, 103.918243408, 84.9044265747, 53.1450424194, 59.5074424744, 52.2875366211, 78.5333709717, 159.864181519, 58.7172088623], [244.251190186, -21.9377307892, 42.2548217773, 80.7199630737, 61.4832077026, 37.1816596985, 29.4200935364, 27.3128643036, 16.0828075409, 21.2471981049, 27.3295860291, 58.7172088623, 139.441253662]],
