Status: Optimal
Xs_x0 = 7.3875405
Xs_x1 = 0.0
Xs_x2 = 1.822995
Xs_x3 = 8.0737906
Xs_x4 = 0.16441973
Xs_x5 = 0.0
z = 15.503879